MT 33
1 1 -39.000 -39.000
10
   1.000000e-04  -1.784726e-05   3.195401e-05   7.944576e-05  -3.052257e-04  -7.819337e-05   3.400603e-04   2.989929e-05  -4.146491e-05   1.054177e-05   1.054177e-05   1.054177e-05   1.054177e-05   1.054177e-05   1.054177e-05   1.054177e-05   1.054177e-05
   3.590000e-04  -7.933123e-05   8.021370e-05   5.098896e-04  -6.972903e-04  -5.068716e-04   7.609020e-04   6.369774e-05  -6.700881e-05   2.794873e-05   2.794873e-05   2.794873e-05   2.794873e-05   2.794873e-05   2.794873e-05   2.794873e-05   2.794873e-05
   1.292000e-03  -1.288090e-04   1.500794e-04   1.071689e-03  -9.717027e-04  -1.151421e-03   1.078359e-03  -4.476349e-05  -8.266712e-05   4.667305e-05   4.667305e-05   4.667305e-05   4.667305e-05   4.667305e-05   4.667305e-05   4.667305e-05   4.667305e-05
   4.642000e-03  -1.448709e-04  -2.374335e-05   1.853518e-03  -1.841445e-03  -2.078422e-03   2.033311e-03   1.401176e-04  -7.396255e-05   8.658094e-05   8.658094e-05   8.658094e-05   8.658094e-05   8.658094e-05   8.658094e-05   8.658094e-05   8.658094e-05
   1.668100e-02   2.655271e-05  -1.466415e-04   3.920615e-03  -3.525473e-03  -3.987141e-03   3.716520e-03   8.479554e-05   9.800251e-05   1.612414e-04   1.612414e-04   1.612414e-04   1.612414e-04   1.612414e-04   1.612414e-04   1.612414e-04   1.612414e-04
   5.994800e-02  -1.683578e-04  -3.796526e-04   5.885670e-03  -6.803774e-03  -6.794944e-03   6.855374e-03   3.836352e-04   1.358300e-04   3.025238e-04   3.025238e-04   3.025238e-04   3.025238e-04   3.025238e-04   3.025238e-04   3.025238e-04   3.025238e-04
   2.154430e-01  -4.086242e-04  -1.664118e-04   1.210876e-02  -1.367093e-02  -1.334816e-02   1.292975e-02  -2.498920e-04   2.053279e-04   5.614017e-04   5.614017e-04   5.614017e-04   5.614017e-04   5.614017e-04   5.614017e-04   5.614017e-04   5.614017e-04
   7.742640e-01  -6.490425e-04  -7.111738e-04   2.634015e-02  -2.463661e-02  -2.424724e-02   2.569513e-02  -2.978402e-03  -1.567976e-03   1.064674e-03   1.064674e-03   1.064674e-03   1.064674e-03   1.064674e-03   1.064674e-03   1.064674e-03   1.064674e-03
   2.782559e+00   3.547057e-03  -1.298202e-03   4.671917e-02  -4.468705e-02  -4.979476e-02   4.351453e-02  -8.467536e-04  -1.630771e-03   2.008871e-03   2.008871e-03   2.008871e-03   2.008871e-03   2.008871e-03   2.008871e-03   2.008871e-03   2.008871e-03
   1.000000e+01   1.496710e-03  -5.428682e-03   9.170673e-02  -9.617050e-02  -9.511366e-02   9.111669e-02   5.271161e-03   3.245837e-03   3.853534e-03   3.853534e-03   3.853534e-03   3.853534e-03   3.853534e-03   3.853534e-03   3.853534e-03   3.853534e-03
2 2 -39.000 -13.000
10
   1.000000e-04  -3.361199e-05   1.808735e-04   9.667525e-05  -3.987676e-04  -4.098132e-05   1.959643e-04   3.393270e-06  -5.079482e-05   1.234222e-05   1.234222e-05   1.234222e-05   1.234222e-05   1.234222e-05   1.234222e-05   1.234222e-05   1.234222e-05
   3.590000e-04  -2.998503e-04   3.429250e-04   6.144266e-04  -8.729862e-04  -3.285377e-04   4.560980e-04   2.744062e-05  -7.954352e-05   3.257887e-05   3.257887e-05   3.257887e-05   3.257887e-05   3.257887e-05   3.257887e-05   3.257887e-05   3.257887e-05
   1.292000e-03  -5.830301e-04   4.230029e-04   1.439386e-03  -1.199137e-03  -8.046361e-04   5.947173e-04   1.493544e-04  -5.837909e-05   5.372386e-05   5.372386e-05   5.372386e-05   5.372386e-05   5.372386e-05   5.372386e-05   5.372386e-05   5.372386e-05
   4.642000e-03  -9.712731e-04   6.332710e-04   2.519136e-03  -2.201462e-03  -1.262737e-03   1.373388e-03   1.614665e-04  -2.672008e-04   9.699186e-05   9.699186e-05   9.699186e-05   9.699186e-05   9.699186e-05   9.699186e-05   9.699186e-05   9.699186e-05
   1.668100e-02  -1.849299e-03   1.184736e-03   3.927850e-03  -3.552652e-03  -2.658734e-03   2.589917e-03   4.728471e-04  -1.427465e-04   1.720849e-04   1.720849e-04   1.720849e-04   1.720849e-04   1.720849e-04   1.720849e-04   1.720849e-04   1.720849e-04
   5.994800e-02  -3.391915e-03   9.732444e-04   7.065251e-03  -6.951803e-03  -4.379163e-03   4.674124e-03   7.908956e-04   1.024575e-04   3.151508e-04   3.151508e-04   3.151508e-04   3.151508e-04   3.151508e-04   3.151508e-04   3.151508e-04   3.151508e-04
   2.154430e-01  -2.858749e-03  -6.079811e-04   1.437857e-02  -1.210975e-02  -8.529735e-03   1.032657e-02   8.820559e-04  -1.073488e-03   5.808391e-04   5.808391e-04   5.808391e-04   5.808391e-04   5.808391e-04   5.808391e-04   5.808391e-04   5.808391e-04
   7.742640e-01  -9.587103e-04  -1.633667e-03   2.142864e-02  -2.288217e-02  -1.785763e-02   2.262476e-02  -3.024678e-04   1.469695e-03   1.004796e-03   1.004796e-03   1.004796e-03   1.004796e-03   1.004796e-03   1.004796e-03   1.004796e-03   1.004796e-03
   2.782559e+00   1.787118e-04  -3.252066e-03   4.635315e-02  -4.560738e-02  -3.714752e-02   4.894373e-02  -1.714422e-03   1.272021e-03   1.965320e-03   1.965320e-03   1.965320e-03   1.965320e-03   1.965320e-03   1.965320e-03   1.965320e-03   1.965320e-03
   1.000000e+01   2.185989e-04   3.532510e-03   8.621810e-02  -8.913106e-02  -8.254160e-02   1.063499e-01  -3.344212e-03   2.662811e-03   3.907086e-03   3.907086e-03   3.907086e-03   3.907086e-03   3.907086e-03   3.907086e-03   3.907086e-03   3.907086e-03
3 3 -39.000 13.000
10
   1.000000e-04   5.013323e-05  -1.504752e-04   1.053878e-04  -4.103173e-04  -6.338472e-05   2.131617e-04  -1.199552e-05   2.442681e-05   1.223212e-05   1.223212e-05   1.223212e-05   1.223212e-05   1.223212e-05   1.223212e-05   1.223212e-05   1.223212e-05
   3.590000e-04   2.481206e-04  -3.002919e-04   6.526436e-04  -8.682759e-04  -3.341389e-04   5.067394e-04  -4.780707e-05   1.212912e-04   3.228668e-05   3.228668e-05   3.228668e-05   3.228668e-05   3.228668e-05   3.228668e-05   3.228668e-05   3.228668e-05
   1.292000e-03   5.151529e-04  -4.812037e-04   1.333677e-03  -1.205241e-03  -6.648741e-04   6.483465e-04  -1.451088e-04   5.447948e-05   5.325380e-05   5.325380e-05   5.325380e-05   5.325380e-05   5.325380e-05   5.325380e-05   5.325380e-05   5.325380e-05
   4.642000e-03   1.077769e-03  -7.388042e-04   2.190378e-03  -2.156481e-03  -1.315384e-03   1.173515e-03  -2.417492e-04   1.272603e-04   9.618153e-05   9.618153e-05   9.618153e-05   9.618153e-05   9.618153e-05   9.618153e-05   9.618153e-05   9.618153e-05
   1.668100e-02   1.619929e-03  -1.109904e-03   4.377251e-03  -3.866565e-03  -2.539322e-03   2.402693e-03  -3.588590e-04  -4.025162e-06   1.706794e-04   1.706794e-04   1.706794e-04   1.706794e-04   1.706794e-04   1.706794e-04   1.706794e-04   1.706794e-04
   5.994800e-02   2.913160e-03  -7.998774e-04   7.436257e-03  -6.906438e-03  -4.728607e-03   4.853410e-03  -5.575572e-04   5.445597e-04   3.141870e-04   3.141870e-04   3.141870e-04   3.141870e-04   3.141870e-04   3.141870e-04   3.141870e-04   3.141870e-04
   2.154430e-01   3.367599e-03   1.122440e-03   1.435683e-02  -1.308217e-02  -7.733553e-03   9.672003e-03  -7.249765e-04  -5.834611e-04   5.812127e-04   5.812127e-04   5.812127e-04   5.812127e-04   5.812127e-04   5.812127e-04   5.812127e-04   5.812127e-04
   7.742640e-01   1.057967e-03   1.285872e-03   2.473415e-02  -2.260093e-02  -1.466625e-02   2.287895e-02  -9.735391e-04  -4.280973e-04   1.005443e-03   1.005443e-03   1.005443e-03   1.005443e-03   1.005443e-03   1.005443e-03   1.005443e-03   1.005443e-03
   2.782559e+00   2.530952e-04   8.698487e-05   4.057879e-02  -4.925925e-02  -3.441440e-02   4.840669e-02   1.145223e-03  -3.630177e-03   1.965202e-03   1.965202e-03   1.965202e-03   1.965202e-03   1.965202e-03   1.965202e-03   1.965202e-03   1.965202e-03
   1.000000e+01  -1.210843e-03  -3.595632e-05   9.292205e-02  -9.938181e-02  -9.048895e-02   9.809533e-02  -6.771878e-03  -3.050922e-03   3.907380e-03   3.907380e-03   3.907380e-03   3.907380e-03   3.907380e-03   3.907380e-03   3.907380e-03   3.907380e-03
4 4 -39.000 39.000
10
   1.000000e-04   1.165868e-05  -2.267347e-05   6.634353e-05  -2.940071e-04  -7.866069e-05   3.346978e-04  -3.707672e-06   3.951435e-06   1.041243e-05   1.041243e-05   1.041243e-05   1.041243e-05   1.041243e-05   1.041243e-05   1.041243e-05   1.041243e-05
   3.590000e-04   5.365010e-05  -2.627463e-05   4.560798e-04  -6.828488e-04  -5.274399e-04   7.255952e-04  -8.926126e-05   7.008565e-05   2.760964e-05   2.760964e-05   2.760964e-05   2.760964e-05   2.760964e-05   2.760964e-05   2.760964e-05   2.760964e-05
   1.292000e-03   2.013074e-04  -1.028620e-04   9.542091e-04  -8.860928e-04  -1.040053e-03   1.063474e-03  -8.188204e-05   3.915468e-05   4.618188e-05   4.618188e-05   4.618188e-05   4.618188e-05   4.618188e-05   4.618188e-05   4.618188e-05   4.618188e-05
   4.642000e-03   1.235488e-04  -5.395208e-05   1.624239e-03  -1.762607e-03  -2.061291e-03   2.097557e-03  -1.313061e-04   2.168903e-05   8.599083e-05   8.599083e-05   8.599083e-05   8.599083e-05   8.599083e-05   8.599083e-05   8.599083e-05   8.599083e-05
   1.668100e-02   3.411061e-04   8.358206e-05   3.069113e-03  -3.266110e-03  -3.868753e-03   3.816768e-03  -1.779083e-04   1.540725e-04   1.612090e-04   1.612090e-04   1.612090e-04   1.612090e-04   1.612090e-04   1.612090e-04   1.612090e-04   1.612090e-04
   5.994800e-02   6.163139e-04   1.328633e-04   5.862420e-03  -6.713695e-03  -7.203323e-03   7.515536e-03   3.896439e-04   1.035684e-04   3.046091e-04   3.046091e-04   3.046091e-04   3.046091e-04   3.046091e-04   3.046091e-04   3.046091e-04   3.046091e-04
   2.154430e-01  -3.153263e-04   6.838998e-04   1.227707e-02  -1.429266e-02  -1.421838e-02   1.363298e-02  -3.062871e-05  -3.032511e-04   5.652010e-04   5.652010e-04   5.652010e-04   5.652010e-04   5.652010e-04   5.652010e-04   5.652010e-04   5.652010e-04
   7.742640e-01  -7.919903e-04  -1.220629e-03   2.407351e-02  -2.731906e-02  -2.728492e-02   2.462530e-02  -3.747542e-05  -5.634299e-04   1.068873e-03   1.068873e-03   1.068873e-03   1.068873e-03   1.068873e-03   1.068873e-03   1.068873e-03   1.068873e-03
   2.782559e+00  -7.994835e-04  -5.784624e-04   4.705356e-02  -4.852212e-02  -4.639823e-02   4.736439e-02  -7.190195e-04  -1.865415e-03   2.007068e-03   2.007068e-03   2.007068e-03   2.007068e-03   2.007068e-03   2.007068e-03   2.007068e-03   2.007068e-03
   1.000000e+01  -5.048981e-03   3.470555e-03   8.453511e-02  -8.837311e-02  -8.704988e-02   8.933648e-02   2.699679e-05  -4.044500e-03   3.857536e-03   3.857536e-03   3.857536e-03   3.857536e-03   3.857536e-03   3.857536e-03   3.857536e-03   3.857536e-03
5 5 -13.000 -39.000
10
   1.000000e-04  -2.845109e-05   1.404203e-05   9.831266e-05  -4.379398e-04  -6.997104e-05   3.396710e-04   2.996484e-05  -4.948505e-05   1.330321e-05   1.330321e-05   1.330321e-05   1.330321e-05   1.330321e-05   1.330321e-05   1.330321e-05   1.330321e-05
   3.590000e-04  -2.167751e-05   4.136433e-05   6.842146e-04  -9.064376e-04  -5.829805e-04   7.638205e-04   5.520252e-05  -1.088705e-05   3.533765e-05   3.533765e-05   3.533765e-05   3.533765e-05   3.533765e-05   3.533765e-05   3.533765e-05   3.533765e-05
   1.292000e-03  -9.090241e-05  -4.828242e-05   1.434691e-03  -1.388540e-03  -1.128253e-03   1.038870e-03   1.450949e-04  -1.099556e-04   5.953188e-05   5.953188e-05   5.953188e-05   5.953188e-05   5.953188e-05   5.953188e-05   5.953188e-05   5.953188e-05
   4.642000e-03  -1.165273e-04  -5.957235e-05   2.554619e-03  -2.714075e-03  -2.021046e-03   1.847665e-03   3.817310e-04  -8.125994e-05   1.124027e-04   1.124027e-04   1.124027e-04   1.124027e-04   1.124027e-04   1.124027e-04   1.124027e-04   1.124027e-04
   1.668100e-02  -3.396879e-05  -2.010571e-04   4.614382e-03  -5.690909e-03  -3.594946e-03   4.142589e-03   2.881922e-04  -2.085791e-04   2.168857e-04   2.168857e-04   2.168857e-04   2.168857e-04   2.168857e-04   2.168857e-04   2.168857e-04   2.168857e-04
   5.994800e-02   2.467903e-04  -8.817047e-04   8.859573e-03  -1.144344e-02  -6.267556e-03   8.735437e-03   6.205325e-04  -1.905368e-04   4.470316e-04   4.470316e-04   4.470316e-04   4.470316e-04   4.470316e-04   4.470316e-04   4.470316e-04   4.470316e-04
   2.154430e-01  -5.433472e-04   9.255795e-04   1.824053e-02  -2.805300e-02  -1.318562e-02   2.117774e-02   8.813860e-04   5.348793e-04   1.016080e-03   1.016080e-03   1.016080e-03   1.016080e-03   1.016080e-03   1.016080e-03   1.016080e-03   1.016080e-03
   7.742640e-01   3.530235e-03   1.061936e-03   4.841149e-02  -6.297848e-02  -3.226333e-02   5.117565e-02   1.386773e-03  -9.507519e-04   2.319965e-03   2.319965e-03   2.319965e-03   2.319965e-03   2.319965e-03   2.319965e-03   2.319965e-03   2.319965e-03
   2.782559e+00  -2.652170e-03   5.831097e-03   1.112029e-01  -1.216538e-01  -7.658276e-02   1.106691e-01   2.388897e-04   3.286088e-03   4.836109e-03   4.836109e-03   4.836109e-03   4.836109e-03   4.836109e-03   4.836109e-03   4.836109e-03   4.836109e-03
   1.000000e+01  -1.038616e-02   2.528514e-03   2.151807e-01  -1.994246e-01  -1.792977e-01   2.036875e-01   4.225368e-03   8.145917e-03   8.786813e-03   8.786813e-03   8.786813e-03   8.786813e-03   8.786813e-03   8.786813e-03   8.786813e-03   8.786813e-03
6 6 -13.000 -13.000
10
   1.000000e-04   6.586912e-05  -1.755494e-04   1.427549e-04  -5.617171e-04  -7.134094e-05   3.406763e-04  -8.164312e-06   6.659666e-05   1.741743e-05   1.741743e-05   1.741743e-05   1.741743e-05   1.741743e-05   1.741743e-05   1.741743e-05   1.741743e-05
   3.590000e-04   3.128414e-04  -3.792574e-04   8.204932e-04  -1.242392e-03  -6.470757e-04   7.413462e-04  -3.419155e-05   8.832540e-05   4.607685e-05   4.607685e-05   4.607685e-05   4.607685e-05   4.607685e-05   4.607685e-05   4.607685e-05   4.607685e-05
   1.292000e-03   5.746417e-04  -6.133629e-04   1.914458e-03  -1.765480e-03  -1.331915e-03   1.285718e-03  -4.673020e-05   2.189506e-04   7.714945e-05   7.714945e-05   7.714945e-05   7.714945e-05   7.714945e-05   7.714945e-05   7.714945e-05   7.714945e-05
   4.642000e-03   1.097984e-03  -8.823335e-04   3.534801e-03  -3.552903e-03  -2.375869e-03   2.288984e-03  -1.126549e-04   6.300908e-04   1.439675e-04   1.439675e-04   1.439675e-04   1.439675e-04   1.439675e-04   1.439675e-04   1.439675e-04   1.439675e-04
   1.668100e-02   2.318611e-03  -2.345454e-03   6.475107e-03  -6.646087e-03  -3.852593e-03   4.184883e-03  -7.590170e-04  -5.421553e-06   2.709238e-04   2.709238e-04   2.709238e-04   2.709238e-04   2.709238e-04   2.709238e-04   2.709238e-04   2.709238e-04
   5.994800e-02   4.168601e-03  -2.668112e-03   1.126959e-02  -1.293798e-02  -5.750889e-03   9.249697e-03  -1.076844e-03   7.552605e-04   5.431789e-04   5.431789e-04   5.431789e-04   5.431789e-04   5.431789e-04   5.431789e-04   5.431789e-04   5.431789e-04
   2.154430e-01   6.318163e-03  -1.292376e-03   2.354752e-02  -3.250121e-02  -1.244752e-02   2.337629e-02   3.687543e-05  -6.394544e-05   1.199553e-03   1.199553e-03   1.199553e-03   1.199553e-03   1.199553e-03   1.199553e-03   1.199553e-03   1.199553e-03
   7.742640e-01   3.228835e-03  -2.754439e-03   4.363291e-02  -8.241518e-02  -2.850225e-02   7.212594e-02   9.703801e-04   6.176003e-03   2.787597e-03   2.787597e-03   2.787597e-03   2.787597e-03   2.787597e-03   2.787597e-03   2.787597e-03   2.787597e-03
   2.782559e+00   1.498649e-02  -4.798602e-03   1.143396e-01  -1.794689e-01  -9.524721e-02   1.650530e-01   4.761833e-04   1.213172e-02   6.644597e-03   6.644597e-03   6.644597e-03   6.644597e-03   6.644597e-03   6.644597e-03   6.644597e-03   6.644597e-03
   1.000000e+01   1.519577e-02  -5.239247e-03   2.959336e-01  -3.794784e-01  -2.734877e-01   3.617713e-01   7.707007e-03  -1.774560e-02   1.453679e-02   1.453679e-02   1.453679e-02   1.453679e-02   1.453679e-02   1.453679e-02   1.453679e-02   1.453679e-02
7 7 -13.000 13.000
10
   1.000000e-04  -3.258577e-05   9.632479e-05   1.328172e-04  -5.844726e-04   2.906625e-06   1.667202e-04  -5.504788e-06   1.140697e-05   1.751328e-05   1.751328e-05   1.751328e-05   1.751328e-05   1.751328e-05   1.751328e-05   1.751328e-05   1.751328e-05
   3.590000e-04  -1.017264e-04   2.052374e-04   9.270033e-04  -1.331700e-03  -3.239421e-04   3.183601e-04   7.580099e-07   4.650081e-05   4.632946e-05   4.632946e-05   4.632946e-05   4.632946e-05   4.632946e-05   4.632946e-05   4.632946e-05   4.632946e-05
   1.292000e-03  -2.752675e-04   2.526604e-04   1.979831e-03  -1.727789e-03  -5.239540e-04   3.829525e-04   1.110043e-04  -1.253614e-04   7.756066e-05   7.756066e-05   7.756066e-05   7.756066e-05   7.756066e-05   7.756066e-05   7.756066e-05   7.756066e-05
   4.642000e-03  -4.480789e-04   3.666970e-04   3.337765e-03  -3.552063e-03  -1.168131e-03   8.075133e-04  -3.954791e-05   1.739844e-05   1.446357e-04   1.446357e-04   1.446357e-04   1.446357e-04   1.446357e-04   1.446357e-04   1.446357e-04   1.446357e-04
   1.668100e-02  -9.413387e-04   6.623656e-05   5.863875e-03  -6.729104e-03  -1.282683e-03   2.251804e-03  -9.240254e-05  -5.315953e-04   2.722571e-04   2.722571e-04   2.722571e-04   2.722571e-04   2.722571e-04   2.722571e-04   2.722571e-04   2.722571e-04
   5.994800e-02  -1.255395e-03  -1.676458e-04   1.079901e-02  -1.457077e-02  -3.235055e-03   5.538401e-03   2.384805e-04   2.353527e-04   5.598392e-04   5.598392e-04   5.598392e-04   5.598392e-04   5.598392e-04   5.598392e-04   5.598392e-04   5.598392e-04
   2.154430e-01  -2.874652e-03  -7.021419e-03   2.029684e-02  -3.691815e-02  -5.987173e-03   1.366977e-02   1.945162e-04  -1.367186e-03   1.262268e-03   1.262268e-03   1.262268e-03   1.262268e-03   1.262268e-03   1.262268e-03   1.262268e-03   1.262268e-03
   7.742640e-01   7.251683e-04  -5.470336e-03   4.959251e-02  -8.343870e-02  -1.209711e-02   3.738358e-02   2.324153e-04   8.753409e-04   2.949795e-03   2.949795e-03   2.949795e-03   2.949795e-03   2.949795e-03   2.949795e-03   2.949795e-03   2.949795e-03
   2.782559e+00   2.655409e-02  -1.861473e-02   1.348730e-01  -2.061916e-01  -3.375352e-02   1.146787e-01  -6.695865e-03   1.168472e-03   7.289971e-03   7.289971e-03   7.289971e-03   7.289971e-03   7.289971e-03   7.289971e-03   7.289971e-03   7.289971e-03
   1.000000e+01   4.465205e-02  -2.830751e-02   3.526103e-01  -4.208368e-01  -1.322525e-01   3.041874e-01   6.345041e-03   4.420593e-03   1.696542e-02   1.696542e-02   1.696542e-02   1.696542e-02   1.696542e-02   1.696542e-02   1.696542e-02   1.696542e-02
8 8 -13.000 39.000
10
   1.000000e-04   2.891737e-05  -5.822132e-06   1.365016e-04  -5.261038e-04  -7.301594e-05   3.302379e-04  -2.364159e-05   3.455742e-05   1.614561e-05   1.614561e-05   1.614561e-05   1.614561e-05   1.614561e-05   1.614561e-05   1.614561e-05   1.614561e-05
   3.590000e-04   9.576617e-05  -8.913378e-05   8.384064e-04  -1.174435e-03  -5.843528e-04   6.915696e-04  -7.184976e-05   8.512007e-05   4.291628e-05   4.291628e-05   4.291628e-05   4.291628e-05   4.291628e-05   4.291628e-05   4.291628e-05   4.291628e-05
   1.292000e-03   7.553639e-05  -1.338965e-04   1.663516e-03  -1.646519e-03  -1.154337e-03   1.081655e-03  -2.944442e-05  -1.196187e-05   7.232472e-05   7.232472e-05   7.232472e-05   7.232472e-05   7.232472e-05   7.232472e-05   7.232472e-05   7.232472e-05
   4.642000e-03   1.676146e-04  -3.435806e-05   2.998460e-03  -3.444720e-03  -1.898992e-03   2.012538e-03  -1.326135e-04   9.993390e-06   1.365518e-04   1.365518e-04   1.365518e-04   1.365518e-04   1.365518e-04   1.365518e-04   1.365518e-04   1.365518e-04
   1.668100e-02   2.654117e-04  -3.526292e-04   5.998462e-03  -6.912994e-03  -3.463901e-03   4.229006e-03  -4.106201e-04  -3.051243e-04   2.637443e-04   2.637443e-04   2.637443e-04   2.637443e-04   2.637443e-04   2.637443e-04   2.637443e-04   2.637443e-04
   5.994800e-02  -1.340950e-04   1.327994e-03   1.117788e-02  -1.510807e-02  -5.588006e-03   9.579768e-03  -1.211010e-04   4.883539e-05   5.574031e-04   5.574031e-04   5.574031e-04   5.574031e-04   5.574031e-04   5.574031e-04   5.574031e-04   5.574031e-04
   2.154430e-01  -1.172999e-03  -3.277989e-03   2.141009e-02  -3.884347e-02  -1.152162e-02   2.460129e-02   1.713523e-03   3.362043e-04   1.297826e-03   1.297826e-03   1.297826e-03   1.297826e-03   1.297826e-03   1.297826e-03   1.297826e-03   1.297826e-03
   7.742640e-01   2.651513e-04   6.872273e-04   4.738787e-02  -1.004539e-01  -2.139028e-02   6.108124e-02  -2.285445e-03  -1.161898e-04   3.150407e-03   3.150407e-03   3.150407e-03   3.150407e-03   3.150407e-03   3.150407e-03   3.150407e-03   3.150407e-03
   2.782559e+00   1.023052e-02  -7.111092e-03   9.206153e-02  -2.497278e-01  -4.968785e-02   1.712596e-01   8.990267e-03  -1.541626e-03   8.119051e-03   8.119051e-03   8.119051e-03   8.119051e-03   8.119051e-03   8.119051e-03   8.119051e-03   8.119051e-03
   1.000000e+01  -1.090287e-02  -2.555944e-02   2.345463e-01  -7.163147e-01  -1.618214e-01   5.419628e-01  -9.488333e-03  -4.931355e-03   2.272694e-02   2.272694e-02   2.272694e-02   2.272694e-02   2.272694e-02   2.272694e-02   2.272694e-02   2.272694e-02
9 9 13.000 -39.000
10
   1.000000e-04   2.353034e-05  -4.134454e-05   1.083217e-04  -4.361577e-04  -5.716187e-05   3.043686e-04  -1.168621e-05   7.188858e-05   1.337725e-05   1.337725e-05   1.337725e-05   1.337725e-05   1.337725e-05   1.337725e-05   1.337725e-05   1.337725e-05
   3.590000e-04   1.906559e-05  -1.327106e-04   6.868195e-04  -9.337203e-04  -5.258413e-04   7.081809e-04  -7.472246e-05   8.429269e-05   3.552226e-05   3.552226e-05   3.552226e-05   3.552226e-05   3.552226e-05   3.552226e-05   3.552226e-05   3.552226e-05
   1.292000e-03   2.256019e-04  -1.229122e-04   1.471768e-03  -1.402878e-03  -9.610681e-04   1.085537e-03  -7.833116e-05   7.955463e-05   5.980710e-05   5.980710e-05   5.980710e-05   5.980710e-05   5.980710e-05   5.980710e-05   5.980710e-05   5.980710e-05
   4.642000e-03   2.344319e-04  -1.738696e-04   2.544996e-03  -2.777513e-03  -1.873337e-03   2.060109e-03  -1.522152e-04   3.228220e-04   1.128122e-04   1.128122e-04   1.128122e-04   1.128122e-04   1.128122e-04   1.128122e-04   1.128122e-04   1.128122e-04
   1.668100e-02   5.663820e-04   5.747561e-06   4.469287e-03  -5.576163e-03  -3.493376e-03   3.461036e-03  -3.501122e-04   3.081550e-04   2.174874e-04   2.174874e-04   2.174874e-04   2.174874e-04   2.174874e-04   2.174874e-04   2.174874e-04   2.174874e-04
   5.994800e-02   7.608507e-04   4.866418e-04   9.164953e-03  -1.246627e-02  -6.415375e-03   8.338012e-03  -9.938769e-04   3.523923e-04   4.490619e-04   4.490619e-04   4.490619e-04   4.490619e-04   4.490619e-04   4.490619e-04   4.490619e-04   4.490619e-04
   2.154430e-01   9.030048e-04  -4.672880e-04   1.847681e-02  -2.850682e-02  -1.204012e-02   1.905662e-02  -6.993027e-04   1.443138e-03   1.019589e-03   1.019589e-03   1.019589e-03   1.019589e-03   1.019589e-03   1.019589e-03   1.019589e-03   1.019589e-03
   7.742640e-01   8.107556e-04  -3.942705e-04   4.387686e-02  -6.284945e-02  -2.939412e-02   5.113676e-02   2.793582e-03   3.257495e-03   2.317335e-03   2.317335e-03   2.317335e-03   2.317335e-03   2.317335e-03   2.317335e-03   2.317335e-03   2.317335e-03
   2.782559e+00   4.062573e-03  -2.395156e-03   1.090711e-01  -1.224654e-01  -7.353062e-02   1.056900e-01   3.365689e-04  -3.668864e-03   4.835655e-03   4.835655e-03   4.835655e-03   4.835655e-03   4.835655e-03   4.835655e-03   4.835655e-03   4.835655e-03
   1.000000e+01   2.360980e-04  -2.582007e-03   2.003238e-01  -2.077649e-01  -1.789280e-01   2.121837e-01  -1.350255e-02   8.515331e-03   8.786869e-03   8.786869e-03   8.786869e-03   8.786869e-03   8.786869e-03   8.786869e-03   8.786869e-03   8.786869e-03
10 10 13.000 -13.000
10
   1.000000e-04  -3.022344e-05   2.623545e-05   9.841757e-05  -4.761299e-04  -1.032230e-04   3.912050e-04  -4.529168e-06   4.562704e-06   1.426677e-05   1.426677e-05   1.426677e-05   1.426677e-05   1.426677e-05   1.426677e-05   1.426677e-05   1.426677e-05
   3.590000e-04  -3.781462e-05   2.765593e-07   7.180996e-04  -1.028479e-03  -6.188390e-04   9.496882e-04   3.474059e-05  -2.034523e-05   3.779681e-05   3.779681e-05   3.779681e-05   3.779681e-05   3.779681e-05   3.779681e-05   3.779681e-05   3.779681e-05
   1.292000e-03  -8.062344e-05   9.147704e-05   1.620844e-03  -1.462925e-03  -1.384678e-03   1.290240e-03   8.457528e-05  -5.098166e-05   6.362991e-05   6.362991e-05   6.362991e-05   6.362991e-05   6.362991e-05   6.362991e-05   6.362991e-05   6.362991e-05
   4.642000e-03  -2.524966e-04   3.223992e-04   2.830692e-03  -2.796903e-03  -2.381633e-03   2.398146e-03   7.283053e-05  -2.032830e-04   1.200828e-04   1.200828e-04   1.200828e-04   1.200828e-04   1.200828e-04   1.200828e-04   1.200828e-04   1.200828e-04
   1.668100e-02  -2.880694e-04   9.034360e-04   5.288380e-03  -5.897966e-03  -4.426601e-03   4.869389e-03   2.558237e-04  -2.172425e-04   2.312927e-04   2.312927e-04   2.312927e-04   2.312927e-04   2.312927e-04   2.312927e-04   2.312927e-04   2.312927e-04
   5.994800e-02  -1.377398e-03   2.111450e-03   8.589851e-03  -1.342539e-02  -8.134317e-03   1.147941e-02   2.125123e-04  -8.135748e-04   4.874023e-04   4.874023e-04   4.874023e-04   4.874023e-04   4.874023e-04   4.874023e-04   4.874023e-04   4.874023e-04
   2.154430e-01  -2.545899e-03   4.790815e-03   2.099403e-02  -3.269191e-02  -1.631003e-02   2.715461e-02  -8.860212e-04  -7.814691e-04   1.163856e-03   1.163856e-03   1.163856e-03   1.163856e-03   1.163856e-03   1.163856e-03   1.163856e-03   1.163856e-03
   7.742640e-01  -1.519605e-03   8.755464e-03   4.911213e-02  -8.104404e-02  -3.293063e-02   6.432162e-02   5.679949e-03   2.160625e-03   2.832282e-03   2.832282e-03   2.832282e-03   2.832282e-03   2.832282e-03   2.832282e-03   2.832282e-03   2.832282e-03
   2.782559e+00  -1.817406e-02   3.287167e-03   1.027983e-01  -1.845115e-01  -8.849152e-02   1.758227e-01   5.208838e-03   3.046835e-04   6.616404e-03   6.616404e-03   6.616404e-03   6.616404e-03   6.616404e-03   6.616404e-03   6.616404e-03   6.616404e-03
   1.000000e+01  -2.403976e-02  -1.641674e-02   3.080974e-01  -3.941714e-01  -2.775522e-01   4.025014e-01  -1.663856e-02   1.066378e-02   1.458860e-02   1.458860e-02   1.458860e-02   1.458860e-02   1.458860e-02   1.458860e-02   1.458860e-02   1.458860e-02
11 11 13.000 13.000
10
   1.000000e-04  -3.350290e-05   2.185763e-04   1.313270e-04  -5.807228e-04  -5.013692e-05   1.286861e-04   2.060116e-05   1.064347e-05   1.767717e-05   1.767717e-05   1.767717e-05   1.767717e-05   1.767717e-05   1.767717e-05   1.767717e-05   1.767717e-05
   3.590000e-04  -2.491358e-04   4.308643e-04   8.691787e-04  -1.306274e-03  -1.954583e-04   3.361121e-04   2.954900e-05  -4.838681e-05   4.673515e-05   4.673515e-05   4.673515e-05   4.673515e-05   4.673515e-05   4.673515e-05   4.673515e-05   4.673515e-05
   1.292000e-03  -8.202150e-04   5.571617e-04   1.901384e-03  -1.692348e-03  -6.475402e-04   4.675125e-04   7.492569e-05  -9.228657e-05   7.815518e-05   7.815518e-05   7.815518e-05   7.815518e-05   7.815518e-05   7.815518e-05   7.815518e-05   7.815518e-05
   4.642000e-03  -1.225872e-03   1.092376e-03   3.389827e-03  -3.271494e-03  -1.041038e-03   1.101650e-03  -9.741913e-05  -2.974986e-04   1.454703e-04   1.454703e-04   1.454703e-04   1.454703e-04   1.454703e-04   1.454703e-04   1.454703e-04   1.454703e-04
   1.668100e-02  -2.121698e-03   1.343325e-03   6.089767e-03  -7.012896e-03  -1.535773e-03   2.572198e-03   3.272303e-04  -2.529576e-04   2.728687e-04   2.728687e-04   2.728687e-04   2.728687e-04   2.728687e-04   2.728687e-04   2.728687e-04   2.728687e-04
   5.994800e-02  -4.756680e-03   3.398345e-03   1.111652e-02  -1.573006e-02  -2.656877e-03   4.658693e-03   9.390620e-05  -6.358083e-04   5.579572e-04   5.579572e-04   5.579572e-04   5.579572e-04   5.579572e-04   5.579572e-04   5.579572e-04   5.579572e-04
   2.154430e-01  -7.381482e-03   1.679293e-03   2.475579e-02  -3.654059e-02  -4.867510e-03   1.567398e-02  -3.356365e-04   4.374626e-04   1.259707e-03   1.259707e-03   1.259707e-03   1.259707e-03   1.259707e-03   1.259707e-03   1.259707e-03   1.259707e-03
   7.742640e-01  -1.215067e-02   3.847823e-03   5.267633e-02  -8.545766e-02  -1.604499e-02   3.726500e-02   5.632637e-04  -2.302717e-03   2.950466e-03   2.950466e-03   2.950466e-03   2.950466e-03   2.950466e-03   2.950466e-03   2.950466e-03   2.950466e-03
   2.782559e+00  -1.902628e-02   1.384995e-02   1.360315e-01  -2.060147e-01  -5.351611e-02   1.174688e-01   8.413358e-03  -1.189840e-02   7.275067e-03   7.275067e-03   7.275067e-03   7.275067e-03   7.275067e-03   7.275067e-03   7.275067e-03   7.275067e-03
   1.000000e+01  -3.306811e-02   3.095917e-02   3.468117e-01  -4.387853e-01  -1.391641e-01   2.986288e-01   2.959315e-03  -5.787783e-03   1.698242e-02   1.698242e-02   1.698242e-02   1.698242e-02   1.698242e-02   1.698242e-02   1.698242e-02   1.698242e-02
12 12 13.000 39.000
10
   1.000000e-04   2.662116e-05  -7.065168e-05   1.384428e-04  -5.729722e-04  -5.141248e-05   3.351274e-04   2.840747e-05   2.391238e-05   1.750509e-05   1.750509e-05   1.750509e-05   1.750509e-05   1.750509e-05   1.750509e-05   1.750509e-05   1.750509e-05
   3.590000e-04   1.536982e-04  -1.957798e-04   9.047603e-04  -1.270409e-03  -4.936963e-04   6.664552e-04   9.772404e-05   4.388179e-05   4.651136e-05   4.651136e-05   4.651136e-05   4.651136e-05   4.651136e-05   4.651136e-05   4.651136e-05   4.651136e-05
   1.292000e-03   1.006240e-04  -2.641976e-04   1.834552e-03  -1.894066e-03  -1.042074e-03   9.870651e-04   7.090701e-05  -3.479799e-05   7.828441e-05   7.828441e-05   7.828441e-05   7.828441e-05   7.828441e-05   7.828441e-05   7.828441e-05   7.828441e-05
   4.642000e-03   2.129884e-04  -4.366143e-04   3.198988e-03  -3.552081e-03  -1.865244e-03   1.891725e-03   1.723304e-04  -2.094217e-04   1.474338e-04   1.474338e-04   1.474338e-04   1.474338e-04   1.474338e-04   1.474338e-04   1.474338e-04   1.474338e-04
   1.668100e-02   6.129130e-04  -1.063173e-03   6.014982e-03  -6.898721e-03  -3.541076e-03   4.068222e-03   1.123317e-04  -1.926860e-04   2.832952e-04   2.832952e-04   2.832952e-04   2.832952e-04   2.832952e-04   2.832952e-04   2.832952e-04   2.832952e-04
   5.994800e-02   2.924256e-03  -1.538506e-03   1.079365e-02  -1.701123e-02  -6.446302e-03   9.225220e-03  -6.861593e-04   6.551193e-05   5.890424e-04   5.890424e-04   5.890424e-04   5.890424e-04   5.890424e-04   5.890424e-04   5.890424e-04   5.890424e-04
   2.154430e-01   3.761182e-03  -1.629174e-03   2.107792e-02  -3.599446e-02  -1.260478e-02   2.179286e-02  -2.671508e-03  -9.118296e-04   1.317486e-03   1.317486e-03   1.317486e-03   1.317486e-03   1.317486e-03   1.317486e-03   1.317486e-03   1.317486e-03
   7.742640e-01   7.252121e-03   5.275676e-03   4.766137e-02  -9.533539e-02  -2.209992e-02   5.796126e-02  -3.032188e-03  -2.246355e-03   3.116224e-03   3.116224e-03   3.116224e-03   3.116224e-03   3.116224e-03   3.116224e-03   3.116224e-03   3.116224e-03
   2.782559e+00  -5.720851e-03   1.605572e-03   1.020148e-01  -2.653066e-01  -4.639971e-02   1.825616e-01  -1.758094e-02   1.252488e-02   8.146070e-03   8.146070e-03   8.146070e-03   8.146070e-03   8.146070e-03   8.146070e-03   8.146070e-03   8.146070e-03
   1.000000e+01  -2.016659e-02   2.149754e-02   2.690570e-01  -6.966751e-01  -1.256374e-01   5.104351e-01   7.472518e-03  -1.915705e-02   2.266893e-02   2.266893e-02   2.266893e-02   2.266893e-02   2.266893e-02   2.266893e-02   2.266893e-02   2.266893e-02
13 13 39.000 -39.000
10
   1.000000e-04   1.938951e-05  -7.876212e-06   6.480184e-05  -3.039958e-04  -7.578040e-05   3.296988e-04  -1.047971e-05   3.891105e-05   9.774072e-06   9.774072e-06   9.774072e-06   9.774072e-06   9.774072e-06   9.774072e-06   9.774072e-06   9.774072e-06
   3.590000e-04  -5.565366e-06  -2.991424e-05   5.178293e-04  -7.019060e-04  -5.081418e-04   6.677682e-04  -6.144878e-05   2.892015e-05   2.595238e-05   2.595238e-05   2.595238e-05   2.595238e-05   2.595238e-05   2.595238e-05   2.595238e-05   2.595238e-05
   1.292000e-03   1.985250e-05  -7.742222e-05   1.013939e-03  -1.038453e-03  -1.060031e-03   9.468200e-04  -8.070314e-05   7.584327e-05   4.344149e-05   4.344149e-05   4.344149e-05   4.344149e-05   4.344149e-05   4.344149e-05   4.344149e-05   4.344149e-05
   4.642000e-03   1.733382e-04  -1.047880e-04   1.789371e-03  -1.801380e-03  -1.888541e-03   1.786797e-03  -1.865841e-04  -7.240509e-05   8.095809e-05   8.095809e-05   8.095809e-05   8.095809e-05   8.095809e-05   8.095809e-05   8.095809e-05   8.095809e-05
   1.668100e-02   6.789620e-05  -2.342330e-04   3.117050e-03  -3.539328e-03  -3.697729e-03   3.625547e-03  -3.861269e-04  -1.133434e-04   1.525996e-04   1.525996e-04   1.525996e-04   1.525996e-04   1.525996e-04   1.525996e-04   1.525996e-04   1.525996e-04
   5.994800e-02   6.642473e-04   2.869752e-04   6.322555e-03  -7.063236e-03  -7.103802e-03   7.046342e-03   1.906155e-04  -5.246438e-04   2.953818e-04   2.953818e-04   2.953818e-04   2.953818e-04   2.953818e-04   2.953818e-04   2.953818e-04   2.953818e-04
   2.154430e-01  -2.850558e-04  -6.618398e-04   1.249324e-02  -1.427819e-02  -1.220531e-02   1.290377e-02   5.391559e-04   1.563297e-04   5.665244e-04   5.665244e-04   5.665244e-04   5.665244e-04   5.665244e-04   5.665244e-04   5.665244e-04   5.665244e-04
   7.742640e-01   1.973020e-03   1.251480e-03   2.421612e-02  -2.456172e-02  -2.514544e-02   2.561515e-02  -1.664884e-03   8.603962e-04   1.061954e-03   1.061954e-03   1.061954e-03   1.061954e-03   1.061954e-03   1.061954e-03   1.061954e-03   1.061954e-03
   2.782559e+00  -4.204399e-03  -9.389827e-04   4.902878e-02  -4.569421e-02  -4.690922e-02   5.174059e-02  -1.240434e-03   2.043097e-03   2.008866e-03   2.008866e-03   2.008866e-03   2.008866e-03   2.008866e-03   2.008866e-03   2.008866e-03   2.008866e-03
   1.000000e+01   6.969829e-03  -4.178213e-03   8.674030e-02  -9.704283e-02  -9.474169e-02   9.099104e-02  -1.527564e-03  -5.783478e-03   3.853250e-03   3.853250e-03   3.853250e-03   3.853250e-03   3.853250e-03   3.853250e-03   3.853250e-03   3.853250e-03
14 14 39.000 -13.000
10
   1.000000e-04  -4.765695e-06  -1.842304e-05   7.555908e-05  -3.213840e-04  -7.182156e-05   3.067706e-04  -1.030119e-05   1.542471e-05   9.902721e-06   9.902721e-06   9.902721e-06   9.902721e-06   9.902721e-06   9.902721e-06   9.902721e-06   9.902721e-06
   3.590000e-04   3.748855e-06  -4.550326e-05   5.315078e-04  -6.896105e-04  -4.566853e-04   6.608047e-04   2.815030e-05   2.856934e-05   2.621936e-05   2.621936e-05   2.621936e-05   2.621936e-05   2.621936e-05   2.621936e-05   2.621936e-05   2.621936e-05
   1.292000e-03  -1.786003e-05  -1.294961e-05   9.984037e-04  -9.708575e-04  -1.069724e-03   1.023869e-03  -1.101984e-04   2.741841e-05   4.348216e-05   4.348216e-05   4.348216e-05   4.348216e-05   4.348216e-05   4.348216e-05   4.348216e-05   4.348216e-05
   4.642000e-03   1.461041e-04  -9.197491e-05   1.855751e-03  -1.712165e-03  -1.808705e-03   1.952772e-03  -5.053094e-05  -1.091191e-05   7.999991e-05   7.999991e-05   7.999991e-05   7.999991e-05   7.999991e-05   7.999991e-05   7.999991e-05   7.999991e-05
   1.668100e-02   1.741481e-04  -4.510945e-05   3.407565e-03  -3.366855e-03  -3.657508e-03   3.699436e-03  -9.442389e-06  -1.114680e-04   1.521809e-04   1.521809e-04   1.521809e-04   1.521809e-04   1.521809e-04   1.521809e-04   1.521809e-04   1.521809e-04
   5.994800e-02   1.048401e-05  -3.241189e-04   6.706785e-03  -6.073690e-03  -7.531091e-03   7.076095e-03  -2.080787e-04   4.348971e-04   2.972249e-04   2.972249e-04   2.972249e-04   2.972249e-04   2.972249e-04   2.972249e-04   2.972249e-04   2.972249e-04
   2.154430e-01   1.170527e-04   5.861191e-05   1.248853e-02  -1.388822e-02  -1.411808e-02   1.448495e-02  -5.328372e-04  -6.769645e-04   5.676920e-04   5.676920e-04   5.676920e-04   5.676920e-04   5.676920e-04   5.676920e-04   5.676920e-04   5.676920e-04
   7.742640e-01   1.444501e-03  -8.106161e-04   2.537813e-02  -2.605908e-02  -2.538381e-02   2.321867e-02  -1.047215e-03   1.681847e-03   1.066229e-03   1.066229e-03   1.066229e-03   1.066229e-03   1.066229e-03   1.066229e-03   1.066229e-03   1.066229e-03
   2.782559e+00  -1.641161e-03  -2.775004e-03   4.431436e-02  -4.877673e-02  -4.671199e-02   4.839506e-02   3.271993e-05   2.580177e-03   2.008034e-03   2.008034e-03   2.008034e-03   2.008034e-03   2.008034e-03   2.008034e-03   2.008034e-03   2.008034e-03
   1.000000e+01  -1.356800e-03   6.565586e-04   9.244204e-02  -1.021389e-01  -9.516390e-02   9.319988e-02  -1.543735e-03  -2.301177e-03   3.855397e-03   3.855397e-03   3.855397e-03   3.855397e-03   3.855397e-03   3.855397e-03   3.855397e-03   3.855397e-03
15 15 39.000 13.000
10
   1.000000e-04   2.674469e-05  -1.688851e-04   1.053596e-04  -3.980869e-04  -4.297322e-05   1.857975e-04  -1.500553e-05   4.164015e-05   1.175928e-05   1.175928e-05   1.175928e-05   1.175928e-05   1.175928e-05   1.175928e-05   1.175928e-05   1.175928e-05
   3.590000e-04   3.300249e-04  -3.742203e-04   6.424075e-04  -8.532516e-04  -3.380043e-04   4.698416e-04  -3.096046e-05   1.177586e-04   3.109081e-05   3.109081e-05   3.109081e-05   3.109081e-05   3.109081e-05   3.109081e-05   3.109081e-05   3.109081e-05
   1.292000e-03   5.660310e-04  -5.088711e-04   1.326684e-03  -1.075841e-03  -6.889900e-04   6.135611e-04  -9.991500e-05   7.744048e-05   5.141642e-05   5.141642e-05   5.141642e-05   5.141642e-05   5.141642e-05   5.141642e-05   5.141642e-05   5.141642e-05
   4.642000e-03   1.071855e-03  -9.549688e-04   2.259621e-03  -2.144945e-03  -1.282280e-03   1.332910e-03  -1.775214e-04   1.271250e-04   9.331194e-05   9.331194e-05   9.331194e-05   9.331194e-05   9.331194e-05   9.331194e-05   9.331194e-05   9.331194e-05
   1.668100e-02   2.079190e-03  -1.459478e-03   3.887460e-03  -3.960862e-03  -2.288980e-03   2.526067e-03  -5.031687e-04   3.716152e-04   1.673213e-04   1.673213e-04   1.673213e-04   1.673213e-04   1.673213e-04   1.673213e-04   1.673213e-04   1.673213e-04
   5.994800e-02   3.622212e-03  -1.769935e-03   7.538793e-03  -7.817698e-03  -4.189227e-03   4.798142e-03  -3.940683e-04  -3.083108e-04   3.136716e-04   3.136716e-04   3.136716e-04   3.136716e-04   3.136716e-04   3.136716e-04   3.136716e-04   3.136716e-04
   2.154430e-01   5.241930e-03  -6.244125e-05   1.507116e-02  -1.276751e-02  -7.964770e-03   9.971003e-03   4.919459e-04  -5.732593e-04   5.890850e-04   5.890850e-04   5.890850e-04   5.890850e-04   5.890850e-04   5.890850e-04   5.890850e-04   5.890850e-04
   7.742640e-01   3.686538e-03   1.863777e-03   2.464279e-02  -2.045434e-02  -1.721494e-02   2.215969e-02  -1.152619e-03  -1.151885e-03   1.027639e-03   1.027639e-03   1.027639e-03   1.027639e-03   1.027639e-03   1.027639e-03   1.027639e-03   1.027639e-03
   2.782559e+00   1.252170e-04  -2.690393e-03   4.512195e-02  -4.774539e-02  -3.473551e-02   5.172737e-02  -2.354478e-03  -5.065561e-03   1.967184e-03   1.967184e-03   1.967184e-03   1.967184e-03   1.967184e-03   1.967184e-03   1.967184e-03   1.967184e-03
   1.000000e+01   2.513302e-03   1.149372e-03   9.317627e-02  -9.160114e-02  -8.368728e-02   1.024760e-01  -7.575601e-03   2.740652e-03   3.907339e-03   3.907339e-03   3.907339e-03   3.907339e-03   3.907339e-03   3.907339e-03   3.907339e-03   3.907339e-03
16 16 39.000 39.000
10
   1.000000e-04  -2.818588e-05   1.276642e-04   9.619055e-05  -3.441026e-04  -1.080722e-04   3.964399e-04   4.100677e-05  -9.874170e-05   1.210446e-05   1.210446e-05   1.210446e-05   1.210446e-05   1.210446e-05   1.210446e-05   1.210446e-05   1.210446e-05
   3.590000e-04  -2.779051e-04   3.416499e-04   5.647627e-04  -7.543100e-04  -5.898303e-04   8.412153e-04   2.016856e-04  -2.028337e-04   3.203520e-05   3.203520e-05   3.203520e-05   3.203520e-05   3.203520e-05   3.203520e-05   3.203520e-05   3.203520e-05
   1.292000e-03  -4.705476e-04   4.731709e-04   1.211670e-03  -1.096530e-03  -1.331283e-03   1.237604e-03   3.864425e-04  -2.655541e-04   5.338139e-05   5.338139e-05   5.338139e-05   5.338139e-05   5.338139e-05   5.338139e-05   5.338139e-05   5.338139e-05
   4.642000e-03  -7.568326e-04   5.434580e-04   2.271259e-03  -2.046940e-03  -2.253831e-03   2.340240e-03   5.660523e-04  -4.943404e-04   9.870878e-05   9.870878e-05   9.870878e-05   9.870878e-05   9.870878e-05   9.870878e-05   9.870878e-05   9.870878e-05
   1.668100e-02  -1.838793e-03   1.033191e-03   3.683761e-03  -3.684961e-03  -4.484190e-03   3.993233e-03   8.484622e-04  -3.664263e-04   1.827938e-04   1.827938e-04   1.827938e-04   1.827938e-04   1.827938e-04   1.827938e-04   1.827938e-04   1.827938e-04
   5.994800e-02  -3.029542e-03   1.272060e-03   6.524322e-03  -6.777932e-03  -7.963396e-03   7.058631e-03   1.924702e-03  -8.911741e-04   3.366758e-04   3.366758e-04   3.366758e-04   3.366758e-04   3.366758e-04   3.366758e-04   3.366758e-04   3.366758e-04
   2.154430e-01  -3.462851e-03  -5.911189e-04   1.323434e-02  -1.351757e-02  -1.511691e-02   1.177261e-02   3.625420e-03  -1.840532e-03   5.728287e-04   5.728287e-04   5.728287e-04   5.728287e-04   5.728287e-04   5.728287e-04   5.728287e-04   5.728287e-04
   7.742640e-01  -1.783687e-03  -2.939683e-03   2.559678e-02  -2.341060e-02  -2.371741e-02   2.290214e-02   1.280219e-03   2.037172e-03   1.035540e-03   1.035540e-03   1.035540e-03   1.035540e-03   1.035540e-03   1.035540e-03   1.035540e-03   1.035540e-03
   2.782559e+00  -3.056498e-03  -2.746778e-03   4.691864e-02  -4.562806e-02  -4.774768e-02   4.976248e-02  -1.881729e-04   1.814013e-03   1.994479e-03   1.994479e-03   1.994479e-03   1.994479e-03   1.994479e-03   1.994479e-03   1.994479e-03   1.994479e-03
   1.000000e+01   5.307550e-03  -3.344274e-04   8.506961e-02  -9.307343e-02  -9.559128e-02   8.921967e-02   1.356478e-03   3.300355e-03   3.864307e-03   3.864307e-03   3.864307e-03   3.864307e-03   3.864307e-03   3.864307e-03   3.864307e-03   3.864307e-03
17 17  0.000 -40.000
10
   1.000000e-04   5.896014e-06  -4.836438e-06   4.512228e-05  -2.341112e-04  -7.600999e-05   3.230011e-04   1.147809e-05  -4.487257e-07   9.930858e-06   9.930858e-06   9.930858e-06   9.930858e-06   9.930858e-06   9.930858e-06   9.930858e-06   9.930858e-06
   3.590000e-04  -2.782291e-05  -2.995593e-05   3.965566e-04  -5.765137e-04  -4.994587e-04   7.155915e-04   4.643795e-05   1.294647e-05   2.640360e-05   2.640360e-05   2.640360e-05   2.640360e-05   2.640360e-05   2.640360e-05   2.640360e-05   2.640360e-05
   1.292000e-03   3.119555e-05   9.249217e-05   8.871773e-04  -8.909895e-04  -1.037312e-03   1.036058e-03  -3.145475e-05   7.118761e-05   4.426511e-05   4.426511e-05   4.426511e-05   4.426511e-05   4.426511e-05   4.426511e-05   4.426511e-05   4.426511e-05
   4.642000e-03   1.533302e-04  -4.134281e-05   1.416533e-03  -1.824389e-03  -1.941454e-03   1.862427e-03  -7.579726e-05   3.935950e-05   8.262668e-05   8.262668e-05   8.262668e-05   8.262668e-05   8.262668e-05   8.262668e-05   8.262668e-05   8.262668e-05
   1.668100e-02   1.225500e-04  -4.060410e-04   2.799624e-03  -4.169647e-03  -3.541441e-03   3.747415e-03  -7.306761e-05   3.388915e-05   1.564142e-04   1.564142e-04   1.564142e-04   1.564142e-04   1.564142e-04   1.564142e-04   1.564142e-04   1.564142e-04
   5.994800e-02   2.090963e-04   2.041019e-04   5.424060e-03  -9.607027e-03  -5.912350e-03   8.729812e-03   5.196430e-05   2.156850e-04   3.327108e-04   3.327108e-04   3.327108e-04   3.327108e-04   3.327108e-04   3.327108e-04   3.327108e-04   3.327108e-04
   2.154430e-01   2.362032e-04  -1.451018e-04   1.369655e-02  -2.396225e-02  -1.239433e-02   2.133114e-02   3.404815e-04   6.472015e-04   8.246991e-04   8.246991e-04   8.246991e-04   8.246991e-04   8.246991e-04   8.246991e-04   8.246991e-04   8.246991e-04
   7.742640e-01  -4.708948e-03   2.312340e-04   3.355903e-02  -6.007938e-02  -2.607203e-02   5.541613e-02   3.352178e-03  -1.410423e-03   2.032477e-03   2.032477e-03   2.032477e-03   2.032477e-03   2.032477e-03   2.032477e-03   2.032477e-03   2.032477e-03
   2.782559e+00   2.614937e-03  -6.373037e-04   1.014816e-01  -1.138032e-01  -9.066858e-02   1.222194e-01  -2.401071e-04   1.439763e-03   4.585304e-03   4.585304e-03   4.585304e-03   4.585304e-03   4.585304e-03   4.585304e-03   4.585304e-03   4.585304e-03
   1.000000e+01  -8.848940e-03  -8.216848e-03   2.117227e-01  -1.757338e-01  -2.172727e-01   2.109089e-01   4.025694e-03  -7.148284e-03   8.804163e-03   8.804163e-03   8.804163e-03   8.804163e-03   8.804163e-03   8.804163e-03   8.804163e-03   8.804163e-03
18 18  0.000 -35.000
10
   1.000000e-04   1.531205e-07  -8.565311e-07   6.487740e-05  -2.378194e-04  -6.427148e-05   2.680558e-04  -1.391161e-05   1.435600e-05   8.504255e-06   8.504255e-06   8.504255e-06   8.504255e-06   8.504255e-06   8.504255e-06   8.504255e-06   8.504255e-06
   3.590000e-04   1.665704e-05  -4.651877e-05   3.419191e-04  -5.256814e-04  -4.014756e-04   6.308150e-04   2.104786e-05  -1.216204e-05   2.262072e-05   2.262072e-05   2.262072e-05   2.262072e-05   2.262072e-05   2.262072e-05   2.262072e-05   2.262072e-05
   1.292000e-03   4.044792e-05   2.628291e-05   7.535377e-04  -7.973799e-04  -9.184894e-04   8.849433e-04  -4.764702e-05   1.401103e-05   3.812024e-05   3.812024e-05   3.812024e-05   3.812024e-05   3.812024e-05   3.812024e-05   3.812024e-05   3.812024e-05
   4.642000e-03   1.502012e-04   1.574486e-05   1.371329e-03  -1.755023e-03  -1.693807e-03   1.654067e-03   1.449323e-05  -1.131153e-04   7.195739e-05   7.195739e-05   7.195739e-05   7.195739e-05   7.195739e-05   7.195739e-05   7.195739e-05   7.195739e-05
   1.668100e-02  -5.724493e-05  -1.159369e-04   2.844270e-03  -3.818053e-03  -2.830941e-03   3.462748e-03  -1.890403e-04   5.988116e-05   1.401490e-04   1.401490e-04   1.401490e-04   1.401490e-04   1.401490e-04   1.401490e-04   1.401490e-04   1.401490e-04
   5.994800e-02  -1.364033e-05  -2.502121e-04   4.813020e-03  -9.595777e-03  -5.559740e-03   8.236726e-03   1.573722e-04  -3.022982e-04   3.237641e-04   3.237641e-04   3.237641e-04   3.237641e-04   3.237641e-04   3.237641e-04   3.237641e-04   3.237641e-04
   2.154430e-01  -1.365219e-04   1.903288e-04   1.271949e-02  -2.530079e-02  -9.681790e-03   2.130695e-02  -7.928489e-05  -3.477393e-04   8.251414e-04   8.251414e-04   8.251414e-04   8.251414e-04   8.251414e-04   8.251414e-04   8.251414e-04   8.251414e-04
   7.742640e-01   1.316531e-03   7.363441e-04   3.471284e-02  -6.082033e-02  -2.663318e-02   5.697240e-02  -2.133726e-03   2.200307e-04   2.073874e-03   2.073874e-03   2.073874e-03   2.073874e-03   2.073874e-03   2.073874e-03   2.073874e-03   2.073874e-03
   2.782559e+00  -9.777673e-03   4.921428e-03   9.453322e-02  -1.210506e-01  -9.221049e-02   1.215192e-01   9.069712e-03  -1.008801e-03   4.607516e-03   4.607516e-03   4.607516e-03   4.607516e-03   4.607516e-03   4.607516e-03   4.607516e-03   4.607516e-03
   1.000000e+01   2.092786e-03  -2.535637e-03   2.138631e-01  -1.953518e-01  -2.080781e-01   2.048506e-01   7.408902e-03  -9.792911e-03   8.826067e-03   8.826067e-03   8.826067e-03   8.826067e-03   8.826067e-03   8.826067e-03   8.826067e-03   8.826067e-03
19 19  0.000 -30.000
10
   1.000000e-04   1.313247e-05  -2.493235e-06   5.914811e-05  -2.266690e-04  -6.883288e-05   2.777237e-04  -5.645684e-06   1.227621e-05   8.504254e-06   8.504254e-06   8.504254e-06   8.504254e-06   8.504254e-06   8.504254e-06   8.504254e-06   8.504254e-06
   3.590000e-04   2.361050e-05  -4.694907e-05   3.244120e-04  -4.783514e-04  -4.450439e-04   6.095682e-04   2.211192e-05  -1.690814e-05   2.262069e-05   2.262069e-05   2.262069e-05   2.262069e-05   2.262069e-05   2.262069e-05   2.262069e-05   2.262069e-05
   1.292000e-03   1.303214e-05  -1.009014e-04   7.504616e-04  -7.366874e-04  -8.976904e-04   8.814824e-04   2.216065e-06   2.218901e-05   3.812013e-05   3.812013e-05   3.812013e-05   3.812013e-05   3.812013e-05   3.812013e-05   3.812013e-05   3.812013e-05
   4.642000e-03   1.850493e-04  -2.222631e-04   1.229936e-03  -1.579515e-03  -1.613293e-03   1.751923e-03  -1.100723e-04   4.111185e-05   7.195704e-05   7.195704e-05   7.195704e-05   7.195704e-05   7.195704e-05   7.195704e-05   7.195704e-05   7.195704e-05
   1.668100e-02   3.774803e-05  -2.648338e-04   2.544991e-03  -3.728168e-03  -3.079220e-03   3.933751e-03   4.245333e-05   1.289902e-04   1.389739e-04   1.389739e-04   1.389739e-04   1.389739e-04   1.389739e-04   1.389739e-04   1.389739e-04   1.389739e-04
   5.994800e-02   2.116927e-04   1.576894e-04   4.837391e-03  -9.033159e-03  -5.731649e-03   8.046446e-03  -5.504233e-06   1.303721e-04   3.182176e-04   3.182176e-04   3.182176e-04   3.182176e-04   3.182176e-04   3.182176e-04   3.182176e-04   3.182176e-04
   2.154430e-01   7.561931e-04  -8.433719e-06   1.182568e-02  -2.526378e-02  -1.108477e-02   2.135030e-02  -6.523671e-04   4.276169e-04   8.268451e-04   8.268451e-04   8.268451e-04   8.268451e-04   8.268451e-04   8.268451e-04   8.268451e-04   8.268451e-04
   7.742640e-01   1.900584e-03  -1.134291e-03   3.536794e-02  -5.967827e-02  -2.835589e-02   5.797094e-02   2.610355e-03  -5.446169e-04   2.103064e-03   2.103064e-03   2.103064e-03   2.103064e-03   2.103064e-03   2.103064e-03   2.103064e-03   2.103064e-03
   2.782559e+00  -7.435611e-04   1.350102e-04   9.687484e-02  -1.242211e-01  -9.252609e-02   1.226915e-01   6.841916e-03   6.762233e-03   4.644085e-03   4.644085e-03   4.644085e-03   4.644085e-03   4.644085e-03   4.644085e-03   4.644085e-03   4.644085e-03
   1.000000e+01  -1.570957e-02  -1.185332e-02   2.104688e-01  -1.877493e-01  -1.997661e-01   2.060890e-01   6.579501e-03   2.556930e-03   8.826067e-03   8.826067e-03   8.826067e-03   8.826067e-03   8.826067e-03   8.826067e-03   8.826067e-03   8.826067e-03
20 20  0.000 -25.000
10
   1.000000e-04   1.475598e-07  -2.604568e-05   5.017393e-05  -2.232806e-04  -6.723813e-05   2.468819e-04  -3.402683e-06   2.993087e-06   7.525916e-06   7.525916e-06   7.525916e-06   7.525916e-06   7.525916e-06   7.525916e-06   7.525916e-06   7.525916e-06
   3.590000e-04   5.126594e-05  -2.124371e-05   3.432423e-04  -4.768638e-04  -4.422883e-04   5.828966e-04  -1.411770e-05  -9.558837e-06   2.002014e-05   2.002014e-05   2.002014e-05   2.002014e-05   2.002014e-05   2.002014e-05   2.002014e-05   2.002014e-05
   1.292000e-03   1.117361e-04  -4.707461e-05   7.110193e-04  -7.676768e-04  -7.803354e-04   7.740696e-04   2.175398e-06  -7.360013e-05   3.379771e-05   3.379771e-05   3.379771e-05   3.379771e-05   3.379771e-05   3.379771e-05   3.379771e-05   3.379771e-05
   4.642000e-03   4.448756e-05  -9.289241e-05   1.196441e-03  -1.601224e-03  -1.484232e-03   1.467027e-03  -1.729584e-04   3.263335e-06   6.402244e-05   6.402244e-05   6.402244e-05   6.402244e-05   6.402244e-05   6.402244e-05   6.402244e-05   6.402244e-05
   1.668100e-02   1.746743e-04  -2.754557e-04   2.394997e-03  -3.926288e-03  -2.513302e-03   3.219423e-03  -5.690043e-05   5.463912e-05   1.352200e-04   1.352200e-04   1.352200e-04   1.352200e-04   1.352200e-04   1.352200e-04   1.352200e-04   1.352200e-04
   5.994800e-02   5.223709e-04  -4.462375e-04   4.950999e-03  -9.444153e-03  -4.337422e-03   7.695184e-03   2.841993e-04   3.335322e-05   3.190897e-04   3.190897e-04   3.190897e-04   3.190897e-04   3.190897e-04   3.190897e-04   3.190897e-04   3.190897e-04
   2.154430e-01   9.914911e-04  -2.147284e-04   1.089259e-02  -2.364780e-02  -8.568616e-03   2.040625e-02  -4.676033e-04   2.437544e-04   8.362021e-04   8.362021e-04   8.362021e-04   8.362021e-04   8.362021e-04   8.362021e-04   8.362021e-04   8.362021e-04
   7.742640e-01  -4.663694e-03  -4.577097e-04   3.774569e-02  -6.302351e-02  -2.255062e-02   5.078390e-02  -2.484760e-03  -2.934615e-03   2.134052e-03   2.134052e-03   2.134052e-03   2.134052e-03   2.134052e-03   2.134052e-03   2.134052e-03   2.134052e-03
   2.782559e+00   5.647581e-04  -1.516506e-03   9.935194e-02  -1.156290e-01  -7.939935e-02   1.214265e-01  -1.622745e-03  -3.841743e-03   4.741530e-03   4.741530e-03   4.741530e-03   4.741530e-03   4.741530e-03   4.741530e-03   4.741530e-03   4.741530e-03
   1.000000e+01   4.891437e-03  -5.188124e-03   2.215602e-01  -1.876957e-01  -2.078467e-01   2.186060e-01   1.632857e-04   6.773644e-03   9.002449e-03   9.002449e-03   9.002449e-03   9.002449e-03   9.002449e-03   9.002449e-03   9.002449e-03   9.002449e-03
21 21  0.000 -20.000
10
   1.000000e-04   1.324398e-05  -2.701988e-05   5.555813e-05  -2.213661e-04  -5.962630e-05   1.959925e-04   6.914584e-06  -9.915268e-06   6.832563e-06   6.832563e-06   6.832563e-06   6.832563e-06   6.832563e-06   6.832563e-06   6.832563e-06   6.832563e-06
   3.590000e-04   6.514110e-05  -4.160137e-05   3.477817e-04  -5.004196e-04  -2.969616e-04   4.277501e-04  -5.516167e-06   2.306722e-05   1.817141e-05   1.817141e-05   1.817141e-05   1.817141e-05   1.817141e-05   1.817141e-05   1.817141e-05   1.817141e-05
   1.292000e-03   7.550357e-05  -9.174696e-05   6.728620e-04  -7.966629e-04  -6.243847e-04   6.612309e-04  -3.037065e-05   9.252107e-06   3.157354e-05   3.157354e-05   3.157354e-05   3.157354e-05   3.157354e-05   3.157354e-05   3.157354e-05   3.157354e-05
   4.642000e-03   7.323197e-05  -1.669561e-04   1.278063e-03  -1.810044e-03  -1.122737e-03   1.156844e-03  -2.205260e-05   6.988518e-06   6.355868e-05   6.355868e-05   6.355868e-05   6.355868e-05   6.355868e-05   6.355868e-05   6.355868e-05   6.355868e-05
   1.668100e-02   3.369059e-05  -3.682499e-04   2.391348e-03  -3.696955e-03  -2.152812e-03   2.275677e-03  -1.119798e-04   1.096876e-04   1.360393e-04   1.360393e-04   1.360393e-04   1.360393e-04   1.360393e-04   1.360393e-04   1.360393e-04   1.360393e-04
   5.994800e-02   4.619856e-04   6.532647e-04   4.717203e-03  -1.008159e-02  -3.339127e-03   6.146446e-03   1.274130e-04   3.662279e-04   3.228634e-04   3.228634e-04   3.228634e-04   3.228634e-04   3.228634e-04   3.228634e-04   3.228634e-04   3.228634e-04
   2.154430e-01   1.450582e-03   4.074080e-04   1.170782e-02  -2.561151e-02  -6.235909e-03   1.711715e-02  -2.415801e-03  -2.911005e-04   8.513876e-04   8.513876e-04   8.513876e-04   8.513876e-04   8.513876e-04   8.513876e-04   8.513876e-04   8.513876e-04
   7.742640e-01   1.078376e-03  -4.933263e-03   3.442964e-02  -6.481714e-02  -2.217673e-02   4.368937e-02   3.571169e-03   1.605632e-03   2.206853e-03   2.206853e-03   2.206853e-03   2.206853e-03   2.206853e-03   2.206853e-03   2.206853e-03   2.206853e-03
   2.782559e+00   2.066006e-03  -8.273867e-03   8.694429e-02  -1.446392e-01  -5.433405e-02   1.146667e-01  -3.875883e-03  -1.821693e-03   5.145108e-03   5.145108e-03   5.145108e-03   5.145108e-03   5.145108e-03   5.145108e-03   5.145108e-03   5.145108e-03
   1.000000e+01  -2.624099e-02   1.216635e-02   2.560090e-01  -2.454994e-01  -1.800912e-01   2.202556e-01   1.033294e-02   1.489799e-02   1.042272e-02   1.042272e-02   1.042272e-02   1.042272e-02   1.042272e-02   1.042272e-02   1.042272e-02   1.042272e-02
22 22  0.000 -15.000
10
   1.000000e-04  -1.278936e-05  -3.937029e-05   4.320582e-05  -2.084917e-04  -1.101398e-04   4.040064e-04  -6.513046e-06   9.356418e-06   1.238358e-05   1.238358e-05   1.238358e-05   1.238358e-05   1.238358e-05   1.238358e-05   1.238358e-05   1.238358e-05
   3.590000e-04   5.341665e-05  -8.287176e-05   4.019646e-04  -4.881343e-04  -6.634204e-04   8.957109e-04  -5.022033e-05   1.498962e-05   3.291764e-05   3.291764e-05   3.291764e-05   3.291764e-05   3.291764e-05   3.291764e-05   3.291764e-05   3.291764e-05
   1.292000e-03   8.200168e-05   2.284049e-05   6.997460e-04  -8.549482e-04  -1.426394e-03   1.329060e-03   1.814474e-06   8.367004e-05   5.526392e-05   5.526392e-05   5.526392e-05   5.526392e-05   5.526392e-05   5.526392e-05   5.526392e-05   5.526392e-05
   4.642000e-03   4.244405e-05  -1.200071e-05   1.311462e-03  -1.683121e-03  -2.378442e-03   2.481379e-03   9.720297e-05  -4.338394e-05   1.033774e-04   1.033774e-04   1.033774e-04   1.033774e-04   1.033774e-04   1.033774e-04   1.033774e-04   1.033774e-04
   1.668100e-02   2.911869e-04  -5.478596e-06   2.132433e-03  -4.159848e-03  -4.209189e-03   5.128227e-03   4.203587e-04  -3.060093e-04   1.952390e-04   1.952390e-04   1.952390e-04   1.952390e-04   1.952390e-04   1.952390e-04   1.952390e-04   1.952390e-04
   5.994800e-02   1.021771e-03  -2.604973e-04   4.834636e-03  -9.435935e-03  -7.848306e-03   1.078381e-02  -4.880413e-04  -4.243054e-04   3.975990e-04   3.975990e-04   3.975990e-04   3.975990e-04   3.975990e-04   3.975990e-04   3.975990e-04   3.975990e-04
   2.154430e-01   1.618227e-04   1.185444e-03   1.196907e-02  -2.676997e-02  -1.251187e-02   3.078010e-02  -4.821082e-06  -9.422941e-04   9.900634e-04   9.900634e-04   9.900634e-04   9.900634e-04   9.900634e-04   9.900634e-04   9.900634e-04   9.900634e-04
   7.742640e-01   1.628105e-03   1.408841e-03   3.311535e-02  -6.687377e-02  -3.672401e-02   7.994422e-02  -1.007320e-03  -1.509594e-03   2.711270e-03   2.711270e-03   2.711270e-03   2.711270e-03   2.711270e-03   2.711270e-03   2.711270e-03   2.711270e-03
   2.782559e+00   1.132601e-02  -2.115909e-03   9.768142e-02  -1.667131e-01  -9.617947e-02   2.068754e-01  -2.498170e-03   8.137024e-03   7.066037e-03   7.066037e-03   7.066037e-03   7.066037e-03   7.066037e-03   7.066037e-03   7.066037e-03   7.066037e-03
   1.000000e+01   1.971037e-02  -9.770639e-03   3.328588e-01  -3.359681e-01  -3.196818e-01   4.116787e-01  -3.456348e-02  -5.354897e-03   1.631743e-02   1.631743e-02   1.631743e-02   1.631743e-02   1.631743e-02   1.631743e-02   1.631743e-02   1.631743e-02
23 23  0.000 -10.000
10
   1.000000e-04   2.475616e-06  -2.299572e-05   4.805309e-05  -2.252833e-04  -8.501192e-05   2.720634e-04   1.205753e-07   1.773136e-06   9.081762e-06   9.081762e-06   9.081762e-06   9.081762e-06   9.081762e-06   9.081762e-06   9.081762e-06   9.081762e-06
   3.590000e-04   1.814683e-05  -3.511288e-05   3.601784e-04  -5.076394e-04  -4.799951e-04   6.346990e-04  -2.713164e-05  -2.535000e-05   2.416649e-05   2.416649e-05   2.416649e-05   2.416649e-05   2.416649e-05   2.416649e-05   2.416649e-05   2.416649e-05
   1.292000e-03   2.850216e-05  -3.218261e-05   6.565193e-04  -7.930853e-04  -1.044326e-03   9.593979e-04  -7.870550e-05   1.335645e-04   4.086917e-05   4.086917e-05   4.086917e-05   4.086917e-05   4.086917e-05   4.086917e-05   4.086917e-05   4.086917e-05
   4.642000e-03   1.222569e-04   1.357336e-05   1.381496e-03  -1.628365e-03  -1.770035e-03   1.937564e-03  -1.290778e-04  -1.550392e-04   7.765475e-05   7.765475e-05   7.765475e-05   7.765475e-05   7.765475e-05   7.765475e-05   7.765475e-05   7.765475e-05
   1.668100e-02   2.804695e-04  -2.667531e-04   2.557500e-03  -4.061702e-03  -2.843247e-03   3.868433e-03   3.086371e-06  -6.041648e-05   1.510212e-04   1.510212e-04   1.510212e-04   1.510212e-04   1.510212e-04   1.510212e-04   1.510212e-04   1.510212e-04
   5.994800e-02   7.341576e-04  -3.095758e-04   5.601282e-03  -1.055564e-02  -5.824693e-03   9.350240e-03  -7.666695e-05  -1.600249e-04   3.323772e-04   3.323772e-04   3.323772e-04   3.323772e-04   3.323772e-04   3.323772e-04   3.323772e-04   3.323772e-04
   2.154430e-01   5.397036e-05   6.444727e-04   1.207784e-02  -2.746256e-02  -9.713976e-03   2.531155e-02  -6.627878e-04  -1.477422e-05   8.789116e-04   8.789116e-04   8.789116e-04   8.789116e-04   8.789116e-04   8.789116e-04   8.789116e-04   8.789116e-04
   7.742640e-01  -1.859498e-03  -4.265956e-04   2.984350e-02  -6.790969e-02  -2.912021e-02   7.483251e-02  -6.766956e-04  -1.175209e-03   2.365312e-03   2.365312e-03   2.365312e-03   2.365312e-03   2.365312e-03   2.365312e-03   2.365312e-03   2.365312e-03
   2.782559e+00   6.844835e-03  -8.854978e-03   9.472407e-02  -1.796162e-01  -8.311533e-02   1.927686e-01   3.030788e-04  -6.286790e-03   6.308779e-03   6.308779e-03   6.308779e-03   6.308779e-03   6.308779e-03   6.308779e-03   6.308779e-03   6.308779e-03
   1.000000e+01   3.029393e-02   2.250443e-02   2.795180e-01  -4.163302e-01  -2.872968e-01   4.111910e-01  -1.571573e-02   1.315749e-02   1.547340e-02   1.547340e-02   1.547340e-02   1.547340e-02   1.547340e-02   1.547340e-02   1.547340e-02   1.547340e-02
24 24  0.000 -5.000
10
   1.000000e-04  -5.953046e-07   1.304350e-05   6.517931e-05  -2.350346e-04  -4.115446e-05   2.306573e-04   1.379328e-06  -1.117273e-05   7.288738e-06   7.288738e-06   7.288738e-06   7.288738e-06   7.288738e-06   7.288738e-06   7.288738e-06   7.288738e-06
   3.590000e-04  -1.638187e-05  -5.613751e-06   3.638506e-04  -5.310666e-04  -3.796655e-04   5.213815e-04   1.794312e-05  -2.045211e-05   1.942039e-05   1.942039e-05   1.942039e-05   1.942039e-05   1.942039e-05   1.942039e-05   1.942039e-05   1.942039e-05
   1.292000e-03   2.338863e-05   4.258649e-05   7.267614e-04  -8.456063e-04  -7.446186e-04   8.168655e-04  -9.407066e-05  -6.629462e-05   3.312539e-05   3.312539e-05   3.312539e-05   3.312539e-05   3.312539e-05   3.312539e-05   3.312539e-05   3.312539e-05
   4.642000e-03   7.532132e-05  -3.150998e-05   1.268252e-03  -1.786955e-03  -1.246923e-03   1.586729e-03   1.340239e-05  -5.178134e-06   6.590031e-05   6.590031e-05   6.590031e-05   6.590031e-05   6.590031e-05   6.590031e-05   6.590031e-05   6.590031e-05
   1.668100e-02   7.422959e-05  -1.610830e-05   2.508774e-03  -3.890262e-03  -2.732108e-03   3.329359e-03  -1.469013e-04   2.338266e-04   1.407882e-04   1.407882e-04   1.407882e-04   1.407882e-04   1.407882e-04   1.407882e-04   1.407882e-04   1.407882e-04
   5.994800e-02   1.736149e-04  -3.338663e-05   5.390460e-03  -9.817583e-03  -4.643724e-03   8.086159e-03   5.652262e-04   1.498356e-05   3.350715e-04   3.350715e-04   3.350715e-04   3.350715e-04   3.350715e-04   3.350715e-04   3.350715e-04   3.350715e-04
   2.154430e-01   1.931152e-03   5.436863e-04   1.107185e-02  -2.737624e-02  -8.570936e-03   2.453814e-02   8.786664e-04   6.512958e-04   8.835257e-04   8.835257e-04   8.835257e-04   8.835257e-04   8.835257e-04   8.835257e-04   8.835257e-04   8.835257e-04
   7.742640e-01   2.951959e-04   2.503914e-05   2.810215e-02  -7.094222e-02  -2.159886e-02   6.571679e-02   5.762676e-04   2.919481e-03   2.392322e-03   2.392322e-03   2.392322e-03   2.392322e-03   2.392322e-03   2.392322e-03   2.392322e-03   2.392322e-03
   2.782559e+00   1.654129e-03   1.182708e-02   9.435236e-02  -1.887808e-01  -7.464251e-02   1.732282e-01  -9.996749e-03  -1.026491e-02   6.266726e-03   6.266726e-03   6.266726e-03   6.266726e-03   6.266726e-03   6.266726e-03   6.266726e-03   6.266726e-03
   1.000000e+01   2.046917e-02  -1.473689e-02   3.023551e-01  -4.107693e-01  -2.913797e-01   4.211710e-01   4.847525e-03   4.061226e-03   1.554633e-02   1.554633e-02   1.554633e-02   1.554633e-02   1.554633e-02   1.554633e-02   1.554633e-02   1.554633e-02
25 25  0.000  0.000
10
   1.000000e-04   1.024447e-05   6.218393e-06   5.815284e-05  -2.351424e-04  -4.429768e-05   2.419405e-04   9.083187e-06  -1.038347e-05   7.288732e-06   7.288732e-06   7.288732e-06   7.288732e-06   7.288732e-06   7.288732e-06   7.288732e-06   7.288732e-06
   3.590000e-04  -1.179995e-05   1.580067e-05   3.713581e-04  -5.256105e-04  -3.608473e-04   5.075596e-04  -8.647908e-06  -2.162472e-05   1.942031e-05   1.942031e-05   1.942031e-05   1.942031e-05   1.942031e-05   1.942031e-05   1.942031e-05   1.942031e-05
   1.292000e-03  -3.301022e-05   4.337407e-05   7.806897e-04  -8.071660e-04  -7.479480e-04   7.904687e-04   5.021995e-05   2.066898e-06   3.320404e-05   3.320404e-05   3.320404e-05   3.320404e-05   3.320404e-05   3.320404e-05   3.320404e-05   3.320404e-05
   4.642000e-03   5.413911e-05  -1.179333e-04   1.384829e-03  -1.774552e-03  -1.332862e-03   1.620745e-03   8.749020e-06  -5.171750e-05   6.669935e-05   6.669935e-05   6.669935e-05   6.669935e-05   6.669935e-05   6.669935e-05   6.669935e-05   6.669935e-05
   1.668100e-02  -6.177604e-05  -6.530327e-06   2.350453e-03  -3.921732e-03  -2.640085e-03   3.528552e-03  -9.598030e-05   1.391773e-04   1.422190e-04   1.422190e-04   1.422190e-04   1.422190e-04   1.422190e-04   1.422190e-04   1.422190e-04   1.422190e-04
   5.994800e-02   2.471389e-04  -3.161727e-04   4.811821e-03  -1.045826e-02  -3.890332e-03   8.189702e-03   5.995886e-05  -4.489120e-04   3.386058e-04   3.386058e-04   3.386058e-04   3.386058e-04   3.386058e-04   3.386058e-04   3.386058e-04   3.386058e-04
   2.154430e-01   1.030474e-03   1.181854e-03   1.094661e-02  -2.719917e-02  -7.740727e-03   2.343235e-02  -4.104777e-04   7.086689e-04   8.908162e-04   8.908162e-04   8.908162e-04   8.908162e-04   8.908162e-04   8.908162e-04   8.908162e-04   8.908162e-04
   7.742640e-01   1.500145e-03  -1.967929e-03   2.688801e-02  -7.553334e-02  -2.768892e-02   7.183162e-02   3.657360e-04   7.460598e-04   2.410583e-03   2.410583e-03   2.410583e-03   2.410583e-03   2.410583e-03   2.410583e-03   2.410583e-03   2.410583e-03
   2.782559e+00   7.145997e-03   6.024869e-04   9.378968e-02  -1.909072e-01  -7.136871e-02   1.883084e-01  -2.243985e-03  -6.905404e-03   6.345488e-03   6.345488e-03   6.345488e-03   6.345488e-03   6.345488e-03   6.345488e-03   6.345488e-03   6.345488e-03
   1.000000e+01   1.139199e-02  -1.580433e-02   2.959445e-01  -4.561010e-01  -3.063177e-01   4.245532e-01   3.997706e-02  -1.370400e-02   1.559493e-02   1.559493e-02   1.559493e-02   1.559493e-02   1.559493e-02   1.559493e-02   1.559493e-02   1.559493e-02
26 26  0.000  5.000
10
   1.000000e-04   9.669474e-06   1.413715e-05   5.838542e-05  -2.519392e-04  -5.153503e-05   2.271897e-04  -1.990759e-06   4.299528e-06   7.344840e-06   7.344840e-06   7.344840e-06   7.344840e-06   7.344840e-06   7.344840e-06   7.344840e-06   7.344840e-06
   3.590000e-04  -4.741690e-05   4.641182e-05   3.532186e-04  -5.181829e-04  -3.552000e-04   5.122660e-04   1.257661e-05   3.848432e-05   1.952033e-05   1.952033e-05   1.952033e-05   1.952033e-05   1.952033e-05   1.952033e-05   1.952033e-05   1.952033e-05
   1.292000e-03  -5.359013e-05  -7.600012e-06   7.909703e-04  -8.209851e-04  -7.633499e-04   7.577555e-04   2.147813e-05  -5.994538e-05   3.386059e-05   3.386059e-05   3.386059e-05   3.386059e-05   3.386059e-05   3.386059e-05   3.386059e-05   3.386059e-05
   4.642000e-03  -7.049555e-05   2.975848e-05   1.238023e-03  -1.754089e-03  -1.350923e-03   1.576285e-03   9.153415e-05  -6.112076e-05   6.792726e-05   6.792726e-05   6.792726e-05   6.792726e-05   6.792726e-05   6.792726e-05   6.792726e-05   6.792726e-05
   1.668100e-02  -1.534330e-04   1.047336e-04   2.440698e-03  -4.123263e-03  -2.393248e-03   3.566378e-03   1.785159e-04  -2.716787e-04   1.444962e-04   1.444962e-04   1.444962e-04   1.444962e-04   1.444962e-04   1.444962e-04   1.444962e-04   1.444962e-04
   5.994800e-02   1.678967e-04  -7.563757e-04   5.353102e-03  -1.014954e-02  -3.825731e-03   8.050798e-03   5.134614e-04  -1.749548e-05   3.444128e-04   3.444128e-04   3.444128e-04   3.444128e-04   3.444128e-04   3.444128e-04   3.444128e-04   3.444128e-04
   2.154430e-01  -1.109438e-03  -1.830606e-04   1.003677e-02  -2.734901e-02  -8.929985e-03   2.384814e-02   4.418036e-04  -1.005707e-03   9.048733e-04   9.048733e-04   9.048733e-04   9.048733e-04   9.048733e-04   9.048733e-04   9.048733e-04   9.048733e-04
   7.742640e-01  -2.150485e-05   1.417356e-03   3.251978e-02  -7.548281e-02  -2.444684e-02   6.758809e-02   3.601641e-03   1.565247e-03   2.425964e-03   2.425964e-03   2.425964e-03   2.425964e-03   2.425964e-03   2.425964e-03   2.425964e-03   2.425964e-03
   2.782559e+00  -3.213764e-03  -8.628635e-03   7.986588e-02  -1.833397e-01  -7.162081e-02   1.875711e-01   4.440943e-04  -2.922385e-04   6.387481e-03   6.387481e-03   6.387481e-03   6.387481e-03   6.387481e-03   6.387481e-03   6.387481e-03   6.387481e-03
   1.000000e+01   1.081511e-02  -6.503581e-03   3.117815e-01  -4.190346e-01  -2.912998e-01   4.192853e-01  -2.702181e-02  -1.605486e-02   1.577351e-02   1.577351e-02   1.577351e-02   1.577351e-02   1.577351e-02   1.577351e-02   1.577351e-02   1.577351e-02
27 27  0.000 10.000
10
   1.000000e-04   4.739657e-06   1.774031e-05   6.072466e-05  -2.338554e-04  -4.713383e-05   2.288264e-04  -1.493946e-05  -1.961434e-05   7.476427e-06   7.476427e-06   7.476427e-06   7.476427e-06   7.476427e-06   7.476427e-06   7.476427e-06   7.476427e-06
   3.590000e-04  -1.819542e-05   6.497101e-05   3.769010e-04  -5.544647e-04  -3.373805e-04   5.129611e-04  -2.741992e-05  -4.862609e-05   1.987291e-05   1.987291e-05   1.987291e-05   1.987291e-05   1.987291e-05   1.987291e-05   1.987291e-05   1.987291e-05
   1.292000e-03  -5.517323e-05   6.571017e-05   6.928553e-04  -8.180936e-04  -7.335540e-04   7.218684e-04   1.470841e-05  -2.545166e-05   3.446081e-05   3.446081e-05   3.446081e-05   3.446081e-05   3.446081e-05   3.446081e-05   3.446081e-05   3.446081e-05
   4.642000e-03  -1.214926e-04   1.148732e-05   1.517462e-03  -1.701142e-03  -1.381817e-03   1.511893e-03  -2.358488e-05   1.096056e-05   6.907309e-05   6.907309e-05   6.907309e-05   6.907309e-05   6.907309e-05   6.907309e-05   6.907309e-05   6.907309e-05
   1.668100e-02  -4.425117e-05   2.700621e-04   2.688987e-03  -3.815934e-03  -2.527282e-03   3.098551e-03  -1.201818e-05  -6.338969e-05   1.466480e-04   1.466480e-04   1.466480e-04   1.466480e-04   1.466480e-04   1.466480e-04   1.466480e-04   1.466480e-04
   5.994800e-02  -5.168977e-04  -9.236422e-05   5.267413e-03  -1.072869e-02  -4.068481e-03   6.805812e-03  -4.696994e-04  -2.198508e-04   3.499940e-04   3.499940e-04   3.499940e-04   3.499940e-04   3.499940e-04   3.499940e-04   3.499940e-04   3.499940e-04
   2.154430e-01  -6.654256e-04   5.876158e-05   1.091908e-02  -2.788986e-02  -7.496594e-03   2.066845e-02   9.245246e-04   4.636404e-04   9.200029e-04   9.200029e-04   9.200029e-04   9.200029e-04   9.200029e-04   9.200029e-04   9.200029e-04   9.200029e-04
   7.742640e-01  -1.726240e-03  -6.143257e-03   3.166129e-02  -7.677105e-02  -2.487633e-02   6.441834e-02   8.348606e-04   4.154347e-03   2.443942e-03   2.443942e-03   2.443942e-03   2.443942e-03   2.443942e-03   2.443942e-03   2.443942e-03   2.443942e-03
   2.782559e+00   1.162391e-02  -1.700853e-03   8.449047e-02  -1.947815e-01  -6.697930e-02   1.778728e-01  -8.956756e-04   1.055803e-04   6.439217e-03   6.439217e-03   6.439217e-03   6.439217e-03   6.439217e-03   6.439217e-03   6.439217e-03   6.439217e-03
   1.000000e+01   2.122136e-02   6.609228e-03   3.229188e-01  -4.188090e-01  -2.436124e-01   4.567957e-01  -7.596728e-03   9.202855e-03   1.610214e-02   1.610214e-02   1.610214e-02   1.610214e-02   1.610214e-02   1.610214e-02   1.610214e-02   1.610214e-02
28 28  0.000 15.000
10
   1.000000e-04  -1.812794e-05   4.462433e-06   7.016174e-05  -2.268783e-04  -3.765794e-05   1.356380e-04   6.070538e-06  -8.192151e-06   7.555105e-06   7.555105e-06   7.555105e-06   7.555105e-06   7.555105e-06   7.555105e-06   7.555105e-06   7.555105e-06
   3.590000e-04  -4.922700e-05   1.512643e-05   3.851932e-04  -5.524798e-04  -2.495665e-04   3.243775e-04   2.472431e-05  -1.216346e-05   2.008638e-05   2.008638e-05   2.008638e-05   2.008638e-05   2.008638e-05   2.008638e-05   2.008638e-05   2.008638e-05
   1.292000e-03  -1.505602e-04   6.741939e-05   7.948423e-04  -8.286311e-04  -5.078045e-04   4.971866e-04   3.250305e-05   1.473714e-06   3.483414e-05   3.483414e-05   3.483414e-05   3.483414e-05   3.483414e-05   3.483414e-05   3.483414e-05   3.483414e-05
   4.642000e-03  -1.437663e-04   1.229500e-04   1.419418e-03  -1.839271e-03  -8.114030e-04   9.140493e-04  -4.574264e-05  -4.087259e-05   6.982043e-05   6.982043e-05   6.982043e-05   6.982043e-05   6.982043e-05   6.982043e-05   6.982043e-05   6.982043e-05
   1.668100e-02  -3.901051e-04   1.017993e-05   2.760151e-03  -4.126967e-03  -1.330495e-03   2.008396e-03   1.925501e-04  -1.448038e-04   1.481197e-04   1.481197e-04   1.481197e-04   1.481197e-04   1.481197e-04   1.481197e-04   1.481197e-04   1.481197e-04
   5.994800e-02  -6.877115e-04   5.056808e-04   5.376856e-03  -1.066474e-02  -2.848640e-03   5.107078e-03   3.703706e-05   1.384910e-04   3.541795e-04   3.541795e-04   3.541795e-04   3.541795e-04   3.541795e-04   3.541795e-04   3.541795e-04   3.541795e-04
   2.154430e-01  -1.529681e-03  -1.335080e-03   1.325986e-02  -2.974302e-02  -4.296246e-03   1.174391e-02  -1.208385e-03  -1.069177e-04   9.344382e-04   9.344382e-04   9.344382e-04   9.344382e-04   9.344382e-04   9.344382e-04   9.344382e-04   9.344382e-04
   7.742640e-01   4.694023e-04  -3.950215e-03   3.287129e-02  -7.903450e-02  -1.036593e-02   4.253563e-02   1.167541e-03  -1.577803e-03   2.477927e-03   2.477927e-03   2.477927e-03   2.477927e-03   2.477927e-03   2.477927e-03   2.477927e-03   2.477927e-03
   2.782559e+00   2.800037e-03  -8.585155e-03   8.184771e-02  -2.194379e-01  -3.643766e-02   1.207000e-01   7.036840e-03   1.210106e-03   6.601759e-03   6.601759e-03   6.601759e-03   6.601759e-03   6.601759e-03   6.601759e-03   6.601759e-03   6.601759e-03
   1.000000e+01   2.868828e-02   3.311760e-03   2.972680e-01  -4.751445e-01  -1.430809e-01   3.304397e-01   9.112162e-03   9.556562e-03   1.738865e-02   1.738865e-02   1.738865e-02   1.738865e-02   1.738865e-02   1.738865e-02   1.738865e-02   1.738865e-02
29 29  0.000 20.000
10
   1.000000e-04  -1.319160e-05   4.350513e-05   5.766367e-05  -2.470778e-04  -7.713118e-05   3.952573e-04  -4.328362e-06   9.512551e-07   1.239252e-05   1.239252e-05   1.239252e-05   1.239252e-05   1.239252e-05   1.239252e-05   1.239252e-05   1.239252e-05
   3.590000e-04  -7.314669e-05   7.365137e-05   3.655115e-04  -5.224697e-04  -6.481356e-04   8.755843e-04  -1.618927e-05   1.012396e-05   3.300791e-05   3.300791e-05   3.300791e-05   3.300791e-05   3.300791e-05   3.300791e-05   3.300791e-05   3.300791e-05
   1.292000e-03  -1.397036e-04   1.301676e-04   8.179340e-04  -8.847670e-04  -1.372122e-03   1.245815e-03  -2.294740e-05  -1.752661e-05   5.590950e-05   5.590950e-05   5.590950e-05   5.590950e-05   5.590950e-05   5.590950e-05   5.590950e-05   5.590950e-05
   4.642000e-03  -2.585426e-04   1.099803e-04   1.246757e-03  -2.098464e-03  -2.439752e-03   2.528219e-03  -1.406144e-04  -7.047603e-05   1.064812e-04   1.064812e-04   1.064812e-04   1.064812e-04   1.064812e-04   1.064812e-04   1.064812e-04   1.064812e-04
   1.668100e-02  -3.644907e-04   2.312458e-04   2.709058e-03  -4.321898e-03  -4.614534e-03   6.073246e-03   1.040122e-04   1.962722e-04   2.067515e-04   2.067515e-04   2.067515e-04   2.067515e-04   2.067515e-04   2.067515e-04   2.067515e-04   2.067515e-04
   5.994800e-02  -2.067202e-04  -9.970680e-05   5.128604e-03  -1.061868e-02  -8.092999e-03   1.223199e-02  -2.436384e-04   1.855772e-05   4.361536e-04   4.361536e-04   4.361536e-04   4.361536e-04   4.361536e-04   4.361536e-04   4.361536e-04   4.361536e-04
   2.154430e-01   4.058077e-05  -1.969838e-04   1.135786e-02  -3.085638e-02  -1.484324e-02   3.688440e-02   4.118556e-04  -7.323438e-05   1.138714e-03   1.138714e-03   1.138714e-03   1.138714e-03   1.138714e-03   1.138714e-03   1.138714e-03   1.138714e-03
   7.742640e-01  -2.396577e-03  -2.632952e-03   2.886184e-02  -8.047154e-02  -3.027381e-02   1.030049e-01   1.722851e-04  -3.211586e-03   3.219184e-03   3.219184e-03   3.219184e-03   3.219184e-03   3.219184e-03   3.219184e-03   3.219184e-03   3.219184e-03
   2.782559e+00   3.672311e-03   1.856948e-03   1.058987e-01  -2.222513e-01  -8.585514e-02   2.868591e-01  -5.660422e-03  -2.166303e-03   9.140754e-03   9.140754e-03   9.140754e-03   9.140754e-03   9.140754e-03   9.140754e-03   9.140754e-03   9.140754e-03
   1.000000e+01   7.143059e-03  -3.611537e-02   2.606388e-01  -6.074464e-01  -2.768656e-01   8.494631e-01   2.802867e-03  -8.127344e-03   2.715228e-02   2.715228e-02   2.715228e-02   2.715228e-02   2.715228e-02   2.715228e-02   2.715228e-02   2.715228e-02
30 30  0.000 25.000
10
   1.000000e-04   8.526868e-06   2.112927e-05   7.852976e-05  -2.355909e-04  -7.451057e-05   3.007687e-04   1.631710e-06  -5.107350e-06   9.206190e-06   9.206190e-06   9.206190e-06   9.206190e-06   9.206190e-06   9.206190e-06   9.206190e-06   9.206190e-06
   3.590000e-04  -1.700092e-05  -4.681115e-06   3.497596e-04  -5.732340e-04  -4.644903e-04   6.619382e-04  -3.986454e-06  -1.030852e-05   2.454116e-05   2.454116e-05   2.454116e-05   2.454116e-05   2.454116e-05   2.454116e-05   2.454116e-05   2.454116e-05
   1.292000e-03  -8.329061e-05  -5.527116e-06   8.196379e-04  -8.326821e-04  -9.720705e-04   1.017172e-03  -4.043893e-05  -4.345332e-05   4.177727e-05   4.177727e-05   4.177727e-05   4.177727e-05   4.177727e-05   4.177727e-05   4.177727e-05   4.177727e-05
   4.642000e-03  -1.870529e-04   2.126957e-04   1.431367e-03  -1.741500e-03  -1.788988e-03   1.947805e-03   2.735667e-05   4.534713e-05   8.044310e-05   8.044310e-05   8.044310e-05   8.044310e-05   8.044310e-05   8.044310e-05   8.044310e-05   8.044310e-05
   1.668100e-02  -6.482001e-05   9.104615e-05   2.852210e-03  -4.306242e-03  -3.147838e-03   4.262332e-03   1.096736e-04   7.604650e-05   1.597065e-04   1.597065e-04   1.597065e-04   1.597065e-04   1.597065e-04   1.597065e-04   1.597065e-04   1.597065e-04
   5.994800e-02  -1.986533e-04   1.288750e-04   4.602549e-03  -1.091139e-02  -5.739834e-03   1.008462e-02   2.316301e-04  -3.627281e-04   3.582787e-04   3.582787e-04   3.582787e-04   3.582787e-04   3.582787e-04   3.582787e-04   3.582787e-04   3.582787e-04
   2.154430e-01   4.098322e-04  -1.296591e-03   1.130542e-02  -2.928133e-02  -1.159862e-02   2.833947e-02   2.742070e-04   8.021193e-04   9.498536e-04   9.498536e-04   9.498536e-04   9.498536e-04   9.498536e-04   9.498536e-04   9.498536e-04   9.498536e-04
   7.742640e-01  -3.637575e-03  -1.289040e-03   2.854599e-02  -7.857191e-02  -2.500318e-02   7.918777e-02  -1.901334e-03   1.375058e-03   2.581797e-03   2.581797e-03   2.581797e-03   2.581797e-03   2.581797e-03   2.581797e-03   2.581797e-03   2.581797e-03
   2.782559e+00   1.113887e-02   9.611437e-03   6.431751e-02  -2.320012e-01  -7.518957e-02   2.467279e-01  -2.743071e-03  -2.573405e-03   7.409249e-03   7.409249e-03   7.409249e-03   7.409249e-03   7.409249e-03   7.409249e-03   7.409249e-03   7.409249e-03
   1.000000e+01  -1.335175e-02  -1.318962e-02   1.899853e-01  -7.217841e-01  -2.032236e-01   7.233466e-01   1.809769e-02  -2.711908e-02   2.275636e-02   2.275636e-02   2.275636e-02   2.275636e-02   2.275636e-02   2.275636e-02   2.275636e-02   2.275636e-02
31 31  0.000 30.000
10
   1.000000e-04   1.246672e-05   8.281861e-06   6.401211e-05  -2.564086e-04  -6.379001e-05   2.796765e-04   1.070323e-05   8.776542e-06   9.206197e-06   9.206197e-06   9.206197e-06   9.206197e-06   9.206197e-06   9.206197e-06   9.206197e-06   9.206197e-06
   3.590000e-04  -2.255999e-05   1.141068e-05   4.014728e-04  -5.863097e-04  -4.716806e-04   6.859865e-04   1.740111e-05   2.720748e-05   2.454127e-05   2.454127e-05   2.454127e-05   2.454127e-05   2.454127e-05   2.454127e-05   2.454127e-05   2.454127e-05
   1.292000e-03  -7.801566e-05   6.548874e-05   8.799571e-04  -9.201540e-04  -8.999109e-04   1.021406e-03   4.369258e-05   6.304585e-06   4.177763e-05   4.177763e-05   4.177763e-05   4.177763e-05   4.177763e-05   4.177763e-05   4.177763e-05   4.177763e-05
   4.642000e-03   5.642008e-05   1.055862e-04   1.572078e-03  -1.953498e-03  -1.780440e-03   2.070047e-03   6.941088e-05  -2.855766e-05   8.044433e-05   8.044433e-05   8.044433e-05   8.044433e-05   8.044433e-05   8.044433e-05   8.044433e-05   8.044433e-05
   1.668100e-02  -9.153772e-05  -1.749731e-05   2.922600e-03  -4.334512e-03  -3.169519e-03   4.161700e-03   2.414128e-04  -5.621122e-05   1.597104e-04   1.597104e-04   1.597104e-04   1.597104e-04   1.597104e-04   1.597104e-04   1.597104e-04   1.597104e-04
   5.994800e-02  -1.735113e-04   6.587658e-04   5.001903e-03  -1.106510e-02  -4.749933e-03   9.823942e-03   2.196796e-04  -4.186841e-04   3.611548e-04   3.611548e-04   3.611548e-04   3.611548e-04   3.611548e-04   3.611548e-04   3.611548e-04   3.611548e-04
   2.154430e-01   2.021908e-04  -1.489659e-03   1.212281e-02  -2.944602e-02  -1.134984e-02   2.923281e-02  -1.736367e-03   1.622507e-03   9.506399e-04   9.506399e-04   9.506399e-04   9.506399e-04   9.506399e-04   9.506399e-04   9.506399e-04   9.506399e-04
   7.742640e-01   1.739711e-03  -5.713216e-03   3.046786e-02  -7.918185e-02  -2.610066e-02   7.874298e-02  -1.712398e-03  -6.751033e-03   2.581776e-03   2.581776e-03   2.581776e-03   2.581776e-03   2.581776e-03   2.581776e-03   2.581776e-03   2.581776e-03
   2.782559e+00   9.580260e-03  -2.937915e-03   6.211563e-02  -2.278417e-01  -5.883140e-02   2.557007e-01  -8.483874e-03   4.971655e-03   7.409250e-03   7.409250e-03   7.409250e-03   7.409250e-03   7.409250e-03   7.409250e-03   7.409250e-03   7.409250e-03
   1.000000e+01  -1.370802e-02  -1.126865e-02   1.788593e-01  -6.740772e-01  -2.211771e-01   7.262006e-01   2.475889e-02  -2.432844e-03   2.275636e-02   2.275636e-02   2.275636e-02   2.275636e-02   2.275636e-02   2.275636e-02   2.275636e-02   2.275636e-02
32 32  0.000 35.000
10
   1.000000e-04  -9.524470e-06  -4.830202e-07   5.341175e-05  -2.547348e-04  -5.576443e-05   2.857541e-04   9.129328e-06  -1.261314e-05   8.727082e-06   8.727082e-06   8.727082e-06   8.727082e-06   8.727082e-06   8.727082e-06   8.727082e-06   8.727082e-06
   3.590000e-04  -2.139633e-05   4.755187e-06   3.923752e-04  -6.115793e-04  -4.552956e-04   6.409738e-04   5.926003e-06  -2.540854e-05   2.326128e-05   2.326128e-05   2.326128e-05   2.326128e-05   2.326128e-05   2.326128e-05   2.326128e-05   2.326128e-05
   1.292000e-03   1.306181e-05   9.093304e-06   7.770785e-04  -8.617159e-04  -9.352795e-04   9.235600e-04   3.829372e-05   5.922917e-06   3.951620e-05   3.951620e-05   3.951620e-05   3.951620e-05   3.951620e-05   3.951620e-05   3.951620e-05   3.951620e-05
   4.642000e-03  -3.551910e-05  -1.036709e-04   1.535607e-03  -1.948733e-03  -1.631627e-03   1.922303e-03   3.335203e-05  -3.998109e-05   7.579834e-05   7.579834e-05   7.579834e-05   7.579834e-05   7.579834e-05   7.579834e-05   7.579834e-05   7.579834e-05
   1.668100e-02  -1.750965e-04   4.232348e-04   2.941865e-03  -4.170986e-03  -2.954065e-03   4.028387e-03   1.616290e-04   8.576449e-05   1.568511e-04   1.568511e-04   1.568511e-04   1.568511e-04   1.568511e-04   1.568511e-04   1.568511e-04   1.568511e-04
   5.994800e-02   2.262158e-04   5.461749e-05   5.755080e-03  -1.147271e-02  -5.415601e-03   9.438020e-03  -6.324604e-04  -1.951036e-04   3.674370e-04   3.674370e-04   3.674370e-04   3.674370e-04   3.674370e-04   3.674370e-04   3.674370e-04   3.674370e-04
   2.154430e-01  -2.937171e-04  -4.258788e-04   1.355927e-02  -3.100290e-02  -8.899636e-03   2.747723e-02   1.894556e-03   4.356409e-04   9.502358e-04   9.502358e-04   9.502358e-04   9.502358e-04   9.502358e-04   9.502358e-04   9.502358e-04   9.502358e-04
   7.742640e-01   3.849974e-04  -7.198225e-04   2.498836e-02  -8.152474e-02  -2.278875e-02   7.436758e-02  -2.176296e-03   4.156360e-03   2.534373e-03   2.534373e-03   2.534373e-03   2.534373e-03   2.534373e-03   2.534373e-03   2.534373e-03   2.534373e-03
   2.782559e+00   1.436831e-02   5.240280e-03   5.711960e-02  -2.410486e-01  -5.697616e-02   2.186264e-01   4.988938e-03  -8.129702e-03   7.131758e-03   7.131758e-03   7.131758e-03   7.131758e-03   7.131758e-03   7.131758e-03   7.131758e-03   7.131758e-03
   1.000000e+01   1.120815e-02  -1.712403e-02   2.070241e-01  -7.240483e-01  -1.718810e-01   7.318412e-01   1.342562e-02   4.408824e-03   2.208422e-02   2.208422e-02   2.208422e-02   2.208422e-02   2.208422e-02   2.208422e-02   2.208422e-02   2.208422e-02
33 33  0.000 40.000
10
   1.000000e-04   6.636844e-06  -1.198460e-05   7.268923e-05  -2.703706e-04  -8.524121e-05   3.298765e-04   8.085622e-06   1.439560e-05   9.888824e-06   9.888824e-06   9.888824e-06   9.888824e-06   9.888824e-06   9.888824e-06   9.888824e-06   9.888824e-06
   3.590000e-04   1.948147e-05  -2.293454e-05   4.558189e-04  -6.119661e-04  -5.219124e-04   7.020094e-04  -4.060015e-05   5.621964e-06   2.633332e-05   2.633332e-05   2.633332e-05   2.633332e-05   2.633332e-05   2.633332e-05   2.633332e-05   2.633332e-05
   1.292000e-03   6.419872e-05  -4.110741e-05   9.744455e-04  -8.752523e-04  -1.064275e-03   9.483974e-04  -4.055157e-05   1.247187e-05   4.436671e-05   4.436671e-05   4.436671e-05   4.436671e-05   4.436671e-05   4.436671e-05   4.436671e-05   4.436671e-05
   4.642000e-03   6.821462e-07   1.231534e-04   1.641997e-03  -2.157631e-03  -2.063765e-03   2.152489e-03  -1.292433e-04  -2.026361e-05   8.362998e-05   8.362998e-05   8.362998e-05   8.362998e-05   8.362998e-05   8.362998e-05   8.362998e-05   8.362998e-05
   1.668100e-02  -1.438173e-06  -4.859323e-05   3.019280e-03  -4.386281e-03  -3.600193e-03   4.257501e-03   1.011829e-04   6.529789e-05   1.622979e-04   1.622979e-04   1.622979e-04   1.622979e-04   1.622979e-04   1.622979e-04   1.622979e-04   1.622979e-04
   5.994800e-02   9.545810e-06  -3.139429e-05   6.373175e-03  -1.167764e-02  -6.351338e-03   9.758972e-03  -3.915049e-04  -2.038972e-04   3.739454e-04   3.739454e-04   3.739454e-04   3.739454e-04   3.739454e-04   3.739454e-04   3.739454e-04   3.739454e-04
   2.154430e-01  -3.554732e-04   5.873589e-05   1.203664e-02  -2.929061e-02  -8.928954e-03   2.571805e-02  -6.167969e-04   3.238699e-05   9.433342e-04   9.433342e-04   9.433342e-04   9.433342e-04   9.433342e-04   9.433342e-04   9.433342e-04   9.433342e-04
   7.742640e-01   1.704260e-03   6.521488e-04   2.516878e-02  -7.554623e-02  -2.362025e-02   7.434876e-02  -4.512309e-03  -2.102432e-03   2.483953e-03   2.483953e-03   2.483953e-03   2.483953e-03   2.483953e-03   2.483953e-03   2.483953e-03   2.483953e-03
   2.782559e+00   3.461345e-03  -1.157478e-02   5.720606e-02  -2.322411e-01  -5.198923e-02   2.167296e-01   3.417147e-03   1.860131e-03   7.021707e-03   7.021707e-03   7.021707e-03   7.021707e-03   7.021707e-03   7.021707e-03   7.021707e-03   7.021707e-03
   1.000000e+01  -5.004643e-03   6.163559e-03   1.769687e-01  -7.178538e-01  -1.647114e-01   7.043843e-01   3.953183e-02  -4.613095e-02   2.159598e-02   2.159598e-02   2.159598e-02   2.159598e-02   2.159598e-02   2.159598e-02   2.159598e-02   2.159598e-02
END